,Parametros CH1,Valores CH1,Tiempo CH1,Voltaje CH1,Parametros CH3,Valores CH3,Tiempo CH3,Voltaje CH3
0,CH activo,1,-0.000146,1600.0,CH activo,3,-0.000146,0.016
1,Int. Temporal,1e-07,-0.0001459,1600.0,Int. Temporal,1e-07,-0.0001459,0.02
2,Trigger,"AUTO;EDGE;5.0E-7;CH1;DC;RISE;CH1;LINE;NORMAL;1;NTSC;CH1;POSITIVE;EQUAL;1.0E-3;7.0E3
",-0.0001458,1600.0,Trigger,"AUTO;EDGE;5.0E-7;CH1;DC;RISE;CH1;LINE;NORMAL;1;NTSC;CH1;POSITIVE;EQUAL;1.0E-3;7.0E3
",-0.0001458,0.02
3,Unidades verticales,"""V""",-0.0001457,1600.0,Unidades verticales,"""V""",-0.0001457,0.02
4,Volts x div,5.0E3,-0.0001456,1600.0,Volts x div,1.0E-1,-0.0001456,0.02
5,Offset vertical (en unidades digitales),81.0,-0.00014549999999999999,1600.0,Offset vertical (en unidades digitales),72.0,-0.00014549999999999999,0.02
6,Unidades horizontales,"""s""
",-0.0001454,1600.0,Unidades horizontales,"""s""
",-0.0001454,0.02
7,Escala horizontal,1e-07,-0.0001453,1600.0,Escala horizontal,1e-07,-0.0001453,0.024
8,Cero vertical (en unidades verticales),0.0,-0.0001452,1600.0,Cero vertical (en unidades verticales),0.0,-0.0001452,0.024
9,Factor de Atenuacion,1.0E3,-0.0001451,1600.0,Factor de Atenuacion,1.0E0,-0.0001451,0.024
10,Fecha,06-06-2023 14:28:42,-0.000145,1600.0,Fecha,06-06-2023 14:28:47,-0.000145,0.024
11,0,0,-0.0001449,1600.0,0,0,-0.0001449,0.024
12,0,0,-0.0001448,1800.0,0,0,-0.0001448,0.024
13,0,0,-0.0001447,1800.0,0,0,-0.0001447,0.024
14,0,0,-0.0001446,1800.0,0,0,-0.0001446,0.024
15,0,0,-0.0001445,1800.0,0,0,-0.0001445,0.028
16,0,0,-0.00014439999999999999,1800.0,0,0,-0.00014439999999999999,0.028
17,0,0,-0.0001443,1800.0,0,0,-0.0001443,0.028
18,0,0,-0.0001442,1800.0,0,0,-0.0001442,0.028
19,0,0,-0.0001441,1800.0,0,0,-0.0001441,0.028
20,0,0,-0.000144,1800.0,0,0,-0.000144,0.028
21,0,0,-0.0001439,1800.0,0,0,-0.0001439,0.032
22,0,0,-0.0001438,1800.0,0,0,-0.0001438,0.032
23,0,0,-0.0001437,1800.0,0,0,-0.0001437,0.032
24,0,0,-0.0001436,1800.0,0,0,-0.0001436,0.032
25,0,0,-0.0001435,1800.0,0,0,-0.0001435,0.032
26,0,0,-0.0001434,2000.0,0,0,-0.0001434,0.032
27,0,0,-0.0001433,2000.0,0,0,-0.0001433,0.036000000000000004
28,0,0,-0.0001432,2000.0,0,0,-0.0001432,0.032
29,0,0,-0.0001431,2000.0,0,0,-0.0001431,0.036000000000000004
30,0,0,-0.000143,2000.0,0,0,-0.000143,0.036000000000000004
31,0,0,-0.0001429,2000.0,0,0,-0.0001429,0.036000000000000004
32,0,0,-0.0001428,2000.0,0,0,-0.0001428,0.036000000000000004
33,0,0,-0.0001427,2000.0,0,0,-0.0001427,0.036000000000000004
34,0,0,-0.0001426,2000.0,0,0,-0.0001426,0.036000000000000004
35,0,0,-0.0001425,2000.0,0,0,-0.0001425,0.04
36,0,0,-0.0001424,2000.0,0,0,-0.0001424,0.04
37,0,0,-0.0001423,2000.0,0,0,-0.0001423,0.04
38,0,0,-0.0001422,2200.0,0,0,-0.0001422,0.04
39,0,0,-0.00014209999999999998,2200.0,0,0,-0.00014209999999999998,0.04
40,0,0,-0.000142,2200.0,0,0,-0.000142,0.04
41,0,0,-0.0001419,2200.0,0,0,-0.0001419,0.044
42,0,0,-0.0001418,2200.0,0,0,-0.0001418,0.044
43,0,0,-0.0001417,2200.0,0,0,-0.0001417,0.044
44,0,0,-0.0001416,2200.0,0,0,-0.0001416,0.044
45,0,0,-0.0001415,2200.0,0,0,-0.0001415,0.044
46,0,0,-0.0001414,2200.0,0,0,-0.0001414,0.044
47,0,0,-0.0001413,2200.0,0,0,-0.0001413,0.048
48,0,0,-0.0001412,2400.0,0,0,-0.0001412,0.048
49,0,0,-0.0001411,2400.0,0,0,-0.0001411,0.048
50,0,0,-0.000141,2400.0,0,0,-0.000141,0.048
51,0,0,-0.0001409,2400.0,0,0,-0.0001409,0.048
52,0,0,-0.0001408,2400.0,0,0,-0.0001408,0.048
53,0,0,-0.0001407,2400.0,0,0,-0.0001407,0.048
54,0,0,-0.0001406,2400.0,0,0,-0.0001406,0.048
55,0,0,-0.0001405,2400.0,0,0,-0.0001405,0.052000000000000005
56,0,0,-0.0001404,2400.0,0,0,-0.0001404,0.052000000000000005
57,0,0,-0.0001403,2600.0,0,0,-0.0001403,0.052000000000000005
58,0,0,-0.0001402,2600.0,0,0,-0.0001402,0.052000000000000005
59,0,0,-0.0001401,2600.0,0,0,-0.0001401,0.052000000000000005
60,0,0,-0.00014,2600.0,0,0,-0.00014,0.052000000000000005
61,0,0,-0.00013989999999999999,2600.0,0,0,-0.00013989999999999999,0.056
62,0,0,-0.0001398,2600.0,0,0,-0.0001398,0.056
63,0,0,-0.0001397,2600.0,0,0,-0.0001397,0.056
64,0,0,-0.0001396,2600.0,0,0,-0.0001396,0.056
65,0,0,-0.0001395,2600.0,0,0,-0.0001395,0.056
66,0,0,-0.0001394,2800.0,0,0,-0.0001394,0.056
67,0,0,-0.0001393,2800.0,0,0,-0.0001393,0.056
68,0,0,-0.0001392,2800.0,0,0,-0.0001392,0.056
69,0,0,-0.0001391,2800.0,0,0,-0.0001391,0.06
70,0,0,-0.000139,2800.0,0,0,-0.000139,0.06
71,0,0,-0.0001389,2800.0,0,0,-0.0001389,0.06
72,0,0,-0.00013879999999999999,2800.0,0,0,-0.00013879999999999999,0.06
73,0,0,-0.0001387,2800.0,0,0,-0.0001387,0.06
74,0,0,-0.0001386,2800.0,0,0,-0.0001386,0.06
75,0,0,-0.0001385,3000.0,0,0,-0.0001385,0.064
76,0,0,-0.0001384,3000.0,0,0,-0.0001384,0.064
77,0,0,-0.0001383,3000.0,0,0,-0.0001383,0.064
78,0,0,-0.0001382,3000.0,0,0,-0.0001382,0.064
79,0,0,-0.0001381,3000.0,0,0,-0.0001381,0.064
80,0,0,-0.000138,3000.0,0,0,-0.000138,0.064
81,0,0,-0.0001379,3000.0,0,0,-0.0001379,0.064
82,0,0,-0.0001378,3200.0,0,0,-0.0001378,0.064
83,0,0,-0.00013769999999999999,3200.0,0,0,-0.00013769999999999999,0.064
84,0,0,-0.0001376,3200.0,0,0,-0.0001376,0.064
85,0,0,-0.0001375,3200.0,0,0,-0.0001375,0.068
86,0,0,-0.0001374,3200.0,0,0,-0.0001374,0.068
87,0,0,-0.0001373,3200.0,0,0,-0.0001373,0.068
88,0,0,-0.0001372,3400.0,0,0,-0.0001372,0.068
89,0,0,-0.0001371,3400.0,0,0,-0.0001371,0.068
90,0,0,-0.000137,3400.0,0,0,-0.000137,0.068
91,0,0,-0.0001369,3400.0,0,0,-0.0001369,0.068
92,0,0,-0.0001368,3400.0,0,0,-0.0001368,0.07200000000000001
93,0,0,-0.0001367,3400.0,0,0,-0.0001367,0.07200000000000001
94,0,0,-0.00013659999999999999,3400.0,0,0,-0.00013659999999999999,0.07200000000000001
95,0,0,-0.0001365,3400.0,0,0,-0.0001365,0.07200000000000001
96,0,0,-0.0001364,3600.0,0,0,-0.0001364,0.07200000000000001
97,0,0,-0.0001363,3600.0,0,0,-0.0001363,0.07200000000000001
98,0,0,-0.0001362,3600.0,0,0,-0.0001362,0.07200000000000001
99,0,0,-0.0001361,3600.0,0,0,-0.0001361,0.076
100,0,0,-0.000136,3600.0,0,0,-0.000136,0.076
101,0,0,-0.0001359,3600.0,0,0,-0.0001359,0.076
102,0,0,-0.0001358,3600.0,0,0,-0.0001358,0.076
103,0,0,-0.0001357,3800.0,0,0,-0.0001357,0.076
104,0,0,-0.0001356,3800.0,0,0,-0.0001356,0.076
105,0,0,-0.0001355,3800.0,0,0,-0.0001355,0.076
106,0,0,-0.00013539999999999998,3800.0,0,0,-0.00013539999999999998,0.08
107,0,0,-0.0001353,3800.0,0,0,-0.0001353,0.08
108,0,0,-0.0001352,3800.0,0,0,-0.0001352,0.08
109,0,0,-0.0001351,4000.0,0,0,-0.0001351,0.08
110,0,0,-0.000135,4000.0,0,0,-0.000135,0.08
111,0,0,-0.0001349,4000.0,0,0,-0.0001349,0.08
112,0,0,-0.0001348,4000.0,0,0,-0.0001348,0.08
113,0,0,-0.0001347,4000.0,0,0,-0.0001347,0.08
114,0,0,-0.0001346,4000.0,0,0,-0.0001346,0.08
115,0,0,-0.0001345,4000.0,0,0,-0.0001345,0.084
116,0,0,-0.0001344,4200.0,0,0,-0.0001344,0.084
117,0,0,-0.0001343,4200.0,0,0,-0.0001343,0.084
118,0,0,-0.0001342,4200.0,0,0,-0.0001342,0.084
119,0,0,-0.0001341,4200.0,0,0,-0.0001341,0.084
120,0,0,-0.000134,4200.0,0,0,-0.000134,0.084
121,0,0,-0.0001339,4400.0,0,0,-0.0001339,0.084
122,0,0,-0.0001338,4400.0,0,0,-0.0001338,0.084
123,0,0,-0.0001337,4400.0,0,0,-0.0001337,0.084
124,0,0,-0.0001336,4400.0,0,0,-0.0001336,0.088
125,0,0,-0.0001335,4400.0,0,0,-0.0001335,0.088
126,0,0,-0.0001334,4400.0,0,0,-0.0001334,0.088
127,0,0,-0.0001333,4600.0,0,0,-0.0001333,0.088
128,0,0,-0.00013319999999999999,4600.0,0,0,-0.00013319999999999999,0.088
129,0,0,-0.0001331,4600.0,0,0,-0.0001331,0.088
130,0,0,-0.000133,4600.0,0,0,-0.000133,0.088
131,0,0,-0.0001329,4600.0,0,0,-0.0001329,0.088
132,0,0,-0.0001328,4600.0,0,0,-0.0001328,0.088
133,0,0,-0.0001327,4800.0,0,0,-0.0001327,0.092
134,0,0,-0.0001326,4800.0,0,0,-0.0001326,0.092
135,0,0,-0.0001325,4800.0,0,0,-0.0001325,0.092
136,0,0,-0.0001324,4800.0,0,0,-0.0001324,0.092
137,0,0,-0.0001323,4800.0,0,0,-0.0001323,0.092
138,0,0,-0.0001322,5000.0,0,0,-0.0001322,0.092
139,0,0,-0.0001321,5000.0,0,0,-0.0001321,0.092
140,0,0,-0.000132,5000.0,0,0,-0.000132,0.092
141,0,0,-0.0001319,5000.0,0,0,-0.0001319,0.092
142,0,0,-0.0001318,5000.0,0,0,-0.0001318,0.092
143,0,0,-0.0001317,5000.0,0,0,-0.0001317,0.096
144,0,0,-0.0001316,5200.0,0,0,-0.0001316,0.096
145,0,0,-0.0001315,5200.0,0,0,-0.0001315,0.096
146,0,0,-0.0001314,5200.0,0,0,-0.0001314,0.096
147,0,0,-0.0001313,5200.0,0,0,-0.0001313,0.096
148,0,0,-0.0001312,5200.0,0,0,-0.0001312,0.096
149,0,0,-0.0001311,5200.0,0,0,-0.0001311,0.096
150,0,0,-0.00013099999999999999,5400.0,0,0,-0.00013099999999999999,0.096
151,0,0,-0.0001309,5400.0,0,0,-0.0001309,0.1
152,0,0,-0.0001308,5400.0,0,0,-0.0001308,0.1
153,0,0,-0.0001307,5400.0,0,0,-0.0001307,0.1
154,0,0,-0.0001306,5400.0,0,0,-0.0001306,0.1
155,0,0,-0.0001305,5600.0,0,0,-0.0001305,0.1
156,0,0,-0.0001304,5600.0,0,0,-0.0001304,0.1
157,0,0,-0.0001303,5600.0,0,0,-0.0001303,0.1
158,0,0,-0.0001302,5600.0,0,0,-0.0001302,0.1
159,0,0,-0.0001301,5600.0,0,0,-0.0001301,0.1
160,0,0,-0.00013,5800.0,0,0,-0.00013,0.1
161,0,0,-0.0001299,5800.0,0,0,-0.0001299,0.1
162,0,0,-0.0001298,5800.0,0,0,-0.0001298,0.10400000000000001
163,0,0,-0.0001297,5800.0,0,0,-0.0001297,0.10400000000000001
164,0,0,-0.0001296,5800.0,0,0,-0.0001296,0.10400000000000001
165,0,0,-0.0001295,5800.0,0,0,-0.0001295,0.10400000000000001
166,0,0,-0.0001294,6000.0,0,0,-0.0001294,0.10400000000000001
167,0,0,-0.0001293,6000.0,0,0,-0.0001293,0.10400000000000001
168,0,0,-0.0001292,6000.0,0,0,-0.0001292,0.10400000000000001
169,0,0,-0.0001291,6000.0,0,0,-0.0001291,0.10400000000000001
170,0,0,-0.000129,6000.0,0,0,-0.000129,0.10400000000000001
171,0,0,-0.0001289,6200.0,0,0,-0.0001289,0.10400000000000001
172,0,0,-0.0001288,6200.0,0,0,-0.0001288,0.108
173,0,0,-0.00012869999999999998,6200.0,0,0,-0.00012869999999999998,0.10400000000000001
174,0,0,-0.0001286,6200.0,0,0,-0.0001286,0.108
175,0,0,-0.0001285,6400.0,0,0,-0.0001285,0.108
176,0,0,-0.0001284,6400.0,0,0,-0.0001284,0.108
177,0,0,-0.0001283,6400.0,0,0,-0.0001283,0.108
178,0,0,-0.0001282,6400.0,0,0,-0.0001282,0.108
179,0,0,-0.0001281,6400.0,0,0,-0.0001281,0.108
180,0,0,-0.000128,6400.0,0,0,-0.000128,0.108
181,0,0,-0.0001279,6600.0,0,0,-0.0001279,0.108
182,0,0,-0.0001278,6600.0,0,0,-0.0001278,0.108
183,0,0,-0.00012770000000000001,6600.0,0,0,-0.00012770000000000001,0.108
184,0,0,-0.0001276,6600.0,0,0,-0.0001276,0.108
185,0,0,-0.0001275,6800.0,0,0,-0.0001275,0.108
186,0,0,-0.0001274,6800.0,0,0,-0.0001274,0.108
187,0,0,-0.0001273,6800.0,0,0,-0.0001273,0.112
188,0,0,-0.0001272,6800.0,0,0,-0.0001272,0.112
189,0,0,-0.0001271,6800.0,0,0,-0.0001271,0.112
190,0,0,-0.000127,7000.0,0,0,-0.000127,0.112
191,0,0,-0.0001269,7000.0,0,0,-0.0001269,0.112
192,0,0,-0.0001268,7000.0,0,0,-0.0001268,0.112
193,0,0,-0.0001267,7000.0,0,0,-0.0001267,0.112
194,0,0,-0.0001266,7000.0,0,0,-0.0001266,0.112
195,0,0,-0.00012649999999999998,7200.0,0,0,-0.00012649999999999998,0.112
196,0,0,-0.0001264,7200.0,0,0,-0.0001264,0.112
197,0,0,-0.0001263,7200.0,0,0,-0.0001263,0.112
198,0,0,-0.0001262,7200.0,0,0,-0.0001262,0.112
199,0,0,-0.0001261,7200.0,0,0,-0.0001261,0.112
200,0,0,-0.000126,7400.0,0,0,-0.000126,0.112
201,0,0,-0.0001259,7400.0,0,0,-0.0001259,0.112
202,0,0,-0.0001258,7400.0,0,0,-0.0001258,0.116
203,0,0,-0.0001257,7400.0,0,0,-0.0001257,0.116
204,0,0,-0.0001256,7400.0,0,0,-0.0001256,0.116
205,0,0,-0.0001255,7600.0,0,0,-0.0001255,0.116
206,0,0,-0.0001254,7600.0,0,0,-0.0001254,0.116
207,0,0,-0.0001253,7600.0,0,0,-0.0001253,0.116
208,0,0,-0.0001252,7600.0,0,0,-0.0001252,0.116
209,0,0,-0.0001251,7800.0,0,0,-0.0001251,0.116
210,0,0,-0.000125,7800.0,0,0,-0.000125,0.116
211,0,0,-0.0001249,7800.0,0,0,-0.0001249,0.116
212,0,0,-0.0001248,7800.0,0,0,-0.0001248,0.116
213,0,0,-0.0001247,7800.0,0,0,-0.0001247,0.116
214,0,0,-0.0001246,8000.0,0,0,-0.0001246,0.116
215,0,0,-0.0001245,8000.0,0,0,-0.0001245,0.116
216,0,0,-0.0001244,8000.0,0,0,-0.0001244,0.116
217,0,0,-0.00012429999999999999,8000.0,0,0,-0.00012429999999999999,0.116
218,0,0,-0.0001242,8000.0,0,0,-0.0001242,0.12
219,0,0,-0.0001241,8200.0,0,0,-0.0001241,0.116
220,0,0,-0.000124,8200.0,0,0,-0.000124,0.12
221,0,0,-0.0001239,8200.0,0,0,-0.0001239,0.12
222,0,0,-0.0001238,8200.0,0,0,-0.0001238,0.12
223,0,0,-0.0001237,8400.0,0,0,-0.0001237,0.12
224,0,0,-0.0001236,8400.0,0,0,-0.0001236,0.12
225,0,0,-0.0001235,8400.0,0,0,-0.0001235,0.12
226,0,0,-0.0001234,8400.0,0,0,-0.0001234,0.12
227,0,0,-0.0001233,8400.0,0,0,-0.0001233,0.12
228,0,0,-0.0001232,8600.0,0,0,-0.0001232,0.12
229,0,0,-0.0001231,8600.0,0,0,-0.0001231,0.12
230,0,0,-0.000123,8600.0,0,0,-0.000123,0.12
231,0,0,-0.0001229,8600.0,0,0,-0.0001229,0.12
232,0,0,-0.0001228,8600.0,0,0,-0.0001228,0.12
233,0,0,-0.0001227,8800.0,0,0,-0.0001227,0.12
234,0,0,-0.0001226,8800.0,0,0,-0.0001226,0.12
235,0,0,-0.0001225,8800.0,0,0,-0.0001225,0.12
236,0,0,-0.0001224,8800.0,0,0,-0.0001224,0.12
237,0,0,-0.0001223,9000.0,0,0,-0.0001223,0.12
238,0,0,-0.0001222,9000.0,0,0,-0.0001222,0.12
239,0,0,-0.00012209999999999999,9000.0,0,0,-0.00012209999999999999,0.124
240,0,0,-0.000122,9000.0,0,0,-0.000122,0.12
241,0,0,-0.0001219,9000.0,0,0,-0.0001219,0.124
242,0,0,-0.0001218,9200.0,0,0,-0.0001218,0.124
243,0,0,-0.0001217,9200.0,0,0,-0.0001217,0.124
244,0,0,-0.0001216,9200.0,0,0,-0.0001216,0.124
245,0,0,-0.0001215,9200.0,0,0,-0.0001215,0.124
246,0,0,-0.0001214,9400.0,0,0,-0.0001214,0.124
247,0,0,-0.0001213,9400.0,0,0,-0.0001213,0.124
248,0,0,-0.00012119999999999999,9400.0,0,0,-0.00012119999999999999,0.124
249,0,0,-0.0001211,9400.0,0,0,-0.0001211,0.124
250,0,0,-0.000121,9400.0,0,0,-0.000121,0.124
251,0,0,-0.0001209,9400.0,0,0,-0.0001209,0.124
252,0,0,-0.0001208,9600.0,0,0,-0.0001208,0.124
253,0,0,-0.0001207,9600.0,0,0,-0.0001207,0.124
254,0,0,-0.0001206,9600.0,0,0,-0.0001206,0.124
255,0,0,-0.0001205,9600.0,0,0,-0.0001205,0.124
256,0,0,-0.0001204,9800.0,0,0,-0.0001204,0.124
257,0,0,-0.0001203,9800.0,0,0,-0.0001203,0.124
258,0,0,-0.0001202,9800.0,0,0,-0.0001202,0.124
259,0,0,-0.00012009999999999999,9800.0,0,0,-0.00012009999999999999,0.124
260,0,0,-0.00012,10000.0,0,0,-0.00012,0.124
261,0,0,-0.0001199,10000.0,0,0,-0.0001199,0.124
262,0,0,-0.0001198,10000.0,0,0,-0.0001198,0.124
263,0,0,-0.0001197,10000.0,0,0,-0.0001197,0.124
264,0,0,-0.00011960000000000001,10000.0,0,0,-0.00011960000000000001,0.124
265,0,0,-0.0001195,10200.0,0,0,-0.0001195,0.124
266,0,0,-0.0001194,10200.0,0,0,-0.0001194,0.124
267,0,0,-0.0001193,10200.0,0,0,-0.0001193,0.124
268,0,0,-0.0001192,10200.0,0,0,-0.0001192,0.124
269,0,0,-0.0001191,10200.0,0,0,-0.0001191,0.124
270,0,0,-0.00011899999999999999,10400.0,0,0,-0.00011899999999999999,0.124
271,0,0,-0.0001189,10400.0,0,0,-0.0001189,0.124
272,0,0,-0.0001188,10400.0,0,0,-0.0001188,0.124
273,0,0,-0.0001187,10400.0,0,0,-0.0001187,0.124
274,0,0,-0.0001186,10600.0,0,0,-0.0001186,0.124
275,0,0,-0.00011850000000000001,10600.0,0,0,-0.00011850000000000001,0.124
276,0,0,-0.0001184,10600.0,0,0,-0.0001184,0.124
277,0,0,-0.0001183,10600.0,0,0,-0.0001183,0.124
278,0,0,-0.0001182,10800.0,0,0,-0.0001182,0.124
279,0,0,-0.0001181,10800.0,0,0,-0.0001181,0.124
280,0,0,-0.000118,10800.0,0,0,-0.000118,0.124
281,0,0,-0.00011789999999999999,10800.0,0,0,-0.00011789999999999999,0.124
282,0,0,-0.0001178,10800.0,0,0,-0.0001178,0.124
283,0,0,-0.0001177,11000.0,0,0,-0.0001177,0.124
284,0,0,-0.0001176,11000.0,0,0,-0.0001176,0.124
285,0,0,-0.0001175,11000.0,0,0,-0.0001175,0.124
286,0,0,-0.00011740000000000001,11000.0,0,0,-0.00011740000000000001,0.124
287,0,0,-0.0001173,11000.0,0,0,-0.0001173,0.124
288,0,0,-0.0001172,11200.0,0,0,-0.0001172,0.124
289,0,0,-0.0001171,11200.0,0,0,-0.0001171,0.124
290,0,0,-0.000117,11200.0,0,0,-0.000117,0.124
291,0,0,-0.0001169,11200.0,0,0,-0.0001169,0.124
292,0,0,-0.00011679999999999999,11200.0,0,0,-0.00011679999999999999,0.124
293,0,0,-0.0001167,11400.0,0,0,-0.0001167,0.124
294,0,0,-0.0001166,11400.0,0,0,-0.0001166,0.124
295,0,0,-0.0001165,11400.0,0,0,-0.0001165,0.124
296,0,0,-0.0001164,11400.0,0,0,-0.0001164,0.124
297,0,0,-0.0001163,11600.0,0,0,-0.0001163,0.124
298,0,0,-0.0001162,11600.0,0,0,-0.0001162,0.124
299,0,0,-0.0001161,11600.0,0,0,-0.0001161,0.124
300,0,0,-0.000116,11600.0,0,0,-0.000116,0.124
301,0,0,-0.0001159,11600.0,0,0,-0.0001159,0.124
302,0,0,-0.0001158,11800.0,0,0,-0.0001158,0.124
303,0,0,-0.0001157,11800.0,0,0,-0.0001157,0.124
304,0,0,-0.00011559999999999999,11800.0,0,0,-0.00011559999999999999,0.124
305,0,0,-0.0001155,11800.0,0,0,-0.0001155,0.124
306,0,0,-0.0001154,12000.0,0,0,-0.0001154,0.124
307,0,0,-0.0001153,12000.0,0,0,-0.0001153,0.124
308,0,0,-0.00011520000000000001,12000.0,0,0,-0.00011520000000000001,0.124
309,0,0,-0.0001151,12000.0,0,0,-0.0001151,0.124
310,0,0,-0.000115,12000.0,0,0,-0.000115,0.124
311,0,0,-0.0001149,12200.0,0,0,-0.0001149,0.124
312,0,0,-0.0001148,12200.0,0,0,-0.0001148,0.124
313,0,0,-0.0001147,12200.0,0,0,-0.0001147,0.124
314,0,0,-0.0001146,12200.0,0,0,-0.0001146,0.124
315,0,0,-0.00011449999999999999,12200.0,0,0,-0.00011449999999999999,0.124
316,0,0,-0.0001144,12400.0,0,0,-0.0001144,0.124
317,0,0,-0.0001143,12400.0,0,0,-0.0001143,0.124
318,0,0,-0.0001142,12400.0,0,0,-0.0001142,0.124
319,0,0,-0.00011410000000000001,12400.0,0,0,-0.00011410000000000001,0.124
320,0,0,-0.000114,12400.0,0,0,-0.000114,0.124
321,0,0,-0.0001139,12600.0,0,0,-0.0001139,0.124
322,0,0,-0.0001138,12600.0,0,0,-0.0001138,0.124
323,0,0,-0.0001137,12600.0,0,0,-0.0001137,0.124
324,0,0,-0.0001136,12600.0,0,0,-0.0001136,0.124
325,0,0,-0.0001135,12600.0,0,0,-0.0001135,0.124
326,0,0,-0.00011339999999999999,12800.0,0,0,-0.00011339999999999999,0.124
327,0,0,-0.0001133,12800.0,0,0,-0.0001133,0.124
328,0,0,-0.0001132,12800.0,0,0,-0.0001132,0.124
329,0,0,-0.0001131,12800.0,0,0,-0.0001131,0.124
330,0,0,-0.00011300000000000001,13000.0,0,0,-0.00011300000000000001,0.124
331,0,0,-0.0001129,13000.0,0,0,-0.0001129,0.124
332,0,0,-0.0001128,13000.0,0,0,-0.0001128,0.12
333,0,0,-0.0001127,13000.0,0,0,-0.0001127,0.124
334,0,0,-0.0001126,13000.0,0,0,-0.0001126,0.12
335,0,0,-0.0001125,13000.0,0,0,-0.0001125,0.12
336,0,0,-0.0001124,13200.0,0,0,-0.0001124,0.12
337,0,0,-0.00011229999999999999,13200.0,0,0,-0.00011229999999999999,0.12
338,0,0,-0.00011219999999999999,13200.0,0,0,-0.00011219999999999999,0.12
339,0,0,-0.0001121,13200.0,0,0,-0.0001121,0.12
340,0,0,-0.000112,13200.0,0,0,-0.000112,0.12
341,0,0,-0.00011190000000000001,13400.0,0,0,-0.00011190000000000001,0.12
342,0,0,-0.00011180000000000001,13400.0,0,0,-0.00011180000000000001,0.12
343,0,0,-0.0001117,13400.0,0,0,-0.0001117,0.12
344,0,0,-0.0001116,13400.0,0,0,-0.0001116,0.12
345,0,0,-0.0001115,13400.0,0,0,-0.0001115,0.12
346,0,0,-0.0001114,13600.0,0,0,-0.0001114,0.12
347,0,0,-0.0001113,13600.0,0,0,-0.0001113,0.12
348,0,0,-0.00011119999999999999,13600.0,0,0,-0.00011119999999999999,0.12
349,0,0,-0.00011109999999999999,13600.0,0,0,-0.00011109999999999999,0.12
350,0,0,-0.000111,13600.0,0,0,-0.000111,0.12
351,0,0,-0.0001109,13800.0,0,0,-0.0001109,0.12
352,0,0,-0.0001108,13800.0,0,0,-0.0001108,0.116
353,0,0,-0.00011070000000000001,13800.0,0,0,-0.00011070000000000001,0.12
354,0,0,-0.0001106,13800.0,0,0,-0.0001106,0.12
355,0,0,-0.0001105,13800.0,0,0,-0.0001105,0.116
356,0,0,-0.0001104,14000.0,0,0,-0.0001104,0.116
357,0,0,-0.0001103,14000.0,0,0,-0.0001103,0.12
358,0,0,-0.0001102,14000.0,0,0,-0.0001102,0.12
359,0,0,-0.00011009999999999999,14000.0,0,0,-0.00011009999999999999,0.12
360,0,0,-0.00010999999999999999,14000.0,0,0,-0.00010999999999999999,0.12
361,0,0,-0.0001099,14200.0,0,0,-0.0001099,0.116
362,0,0,-0.0001098,14200.0,0,0,-0.0001098,0.116
363,0,0,-0.0001097,14200.0,0,0,-0.0001097,0.12
364,0,0,-0.00010960000000000001,14200.0,0,0,-0.00010960000000000001,0.12
365,0,0,-0.0001095,14200.0,0,0,-0.0001095,0.116
366,0,0,-0.0001094,14200.0,0,0,-0.0001094,0.116
367,0,0,-0.0001093,14400.0,0,0,-0.0001093,0.116
368,0,0,-0.0001092,14400.0,0,0,-0.0001092,0.12
369,0,0,-0.0001091,14400.0,0,0,-0.0001091,0.116
370,0,0,-0.00010899999999999999,14400.0,0,0,-0.00010899999999999999,0.116
371,0,0,-0.00010889999999999999,14400.0,0,0,-0.00010889999999999999,0.116
372,0,0,-0.0001088,14400.0,0,0,-0.0001088,0.116
373,0,0,-0.0001087,14600.0,0,0,-0.0001087,0.12
374,0,0,-0.0001086,14600.0,0,0,-0.0001086,0.12
375,0,0,-0.00010850000000000001,14600.0,0,0,-0.00010850000000000001,0.116
376,0,0,-0.0001084,14600.0,0,0,-0.0001084,0.112
377,0,0,-0.0001083,14600.0,0,0,-0.0001083,0.116
378,0,0,-0.0001082,14800.0,0,0,-0.0001082,0.116
379,0,0,-0.0001081,14800.0,0,0,-0.0001081,0.112
380,0,0,-0.000108,14800.0,0,0,-0.000108,0.112
381,0,0,-0.0001079,14800.0,0,0,-0.0001079,0.112
382,0,0,-0.00010779999999999999,14800.0,0,0,-0.00010779999999999999,0.112
383,0,0,-0.0001077,14800.0,0,0,-0.0001077,0.12
384,0,0,-0.0001076,15000.0,0,0,-0.0001076,0.116
385,0,0,-0.0001075,15000.0,0,0,-0.0001075,0.112
386,0,0,-0.00010740000000000001,15000.0,0,0,-0.00010740000000000001,0.112
387,0,0,-0.0001073,15000.0,0,0,-0.0001073,0.116
388,0,0,-0.0001072,15000.0,0,0,-0.0001072,0.112
389,0,0,-0.0001071,15200.0,0,0,-0.0001071,0.112
390,0,0,-0.000107,15200.0,0,0,-0.000107,0.112
391,0,0,-0.0001069,15200.0,0,0,-0.0001069,0.112
392,0,0,-0.0001068,15200.0,0,0,-0.0001068,0.112
393,0,0,-0.00010669999999999999,15200.0,0,0,-0.00010669999999999999,0.112
394,0,0,-0.0001066,15200.0,0,0,-0.0001066,0.112
395,0,0,-0.0001065,15400.0,0,0,-0.0001065,0.112
396,0,0,-0.0001064,15400.0,0,0,-0.0001064,0.112
397,0,0,-0.00010630000000000001,15400.0,0,0,-0.00010630000000000001,0.108
398,0,0,-0.0001062,15400.0,0,0,-0.0001062,0.116
399,0,0,-0.0001061,15400.0,0,0,-0.0001061,0.112
400,0,0,-0.000106,15400.0,0,0,-0.000106,0.116
401,0,0,-0.0001059,15600.0,0,0,-0.0001059,0.116
402,0,0,-0.0001058,15600.0,0,0,-0.0001058,0.116
403,0,0,-0.0001057,15600.0,0,0,-0.0001057,0.112
404,0,0,-0.00010559999999999999,15600.0,0,0,-0.00010559999999999999,0.112
405,0,0,-0.0001055,15600.0,0,0,-0.0001055,0.112
406,0,0,-0.0001054,15600.0,0,0,-0.0001054,0.112
407,0,0,-0.0001053,15600.0,0,0,-0.0001053,0.112
408,0,0,-0.00010520000000000001,15800.0,0,0,-0.00010520000000000001,0.108
409,0,0,-0.00010510000000000001,15800.0,0,0,-0.00010510000000000001,0.108
410,0,0,-0.000105,15800.0,0,0,-0.000105,0.112
411,0,0,-0.0001049,15800.0,0,0,-0.0001049,0.116
412,0,0,-0.0001048,15800.0,0,0,-0.0001048,0.112
413,0,0,-0.0001047,15800.0,0,0,-0.0001047,0.108
414,0,0,-0.0001046,16000.0,0,0,-0.0001046,0.108
415,0,0,-0.00010449999999999999,16000.0,0,0,-0.00010449999999999999,0.112
416,0,0,-0.0001044,16000.0,0,0,-0.0001044,0.112
417,0,0,-0.0001043,16000.0,0,0,-0.0001043,0.108
418,0,0,-0.0001042,16000.0,0,0,-0.0001042,0.112
419,0,0,-0.00010410000000000001,16000.0,0,0,-0.00010410000000000001,0.112
420,0,0,-0.00010400000000000001,16000.0,0,0,-0.00010400000000000001,0.108
421,0,0,-0.0001039,16200.0,0,0,-0.0001039,0.108
422,0,0,-0.0001038,16200.0,0,0,-0.0001038,0.108
423,0,0,-0.0001037,16200.0,0,0,-0.0001037,0.10400000000000001
424,0,0,-0.0001036,16200.0,0,0,-0.0001036,0.108
425,0,0,-0.0001035,16200.0,0,0,-0.0001035,0.108
426,0,0,-0.00010339999999999999,16200.0,0,0,-0.00010339999999999999,0.108
427,0,0,-0.00010329999999999999,16200.0,0,0,-0.00010329999999999999,0.108
428,0,0,-0.0001032,16400.0,0,0,-0.0001032,0.108
429,0,0,-0.0001031,16400.0,0,0,-0.0001031,0.10400000000000001
430,0,0,-0.00010300000000000001,16400.0,0,0,-0.00010300000000000001,0.108
431,0,0,-0.00010290000000000001,16400.0,0,0,-0.00010290000000000001,0.108
432,0,0,-0.0001028,16400.0,0,0,-0.0001028,0.108
433,0,0,-0.0001027,16400.0,0,0,-0.0001027,0.10400000000000001
434,0,0,-0.0001026,16400.0,0,0,-0.0001026,0.10400000000000001
435,0,0,-0.0001025,16400.0,0,0,-0.0001025,0.108
436,0,0,-0.0001024,16600.0,0,0,-0.0001024,0.108
437,0,0,-0.00010229999999999999,16600.0,0,0,-0.00010229999999999999,0.108
438,0,0,-0.00010219999999999999,16600.0,0,0,-0.00010219999999999999,0.108
439,0,0,-0.0001021,16600.0,0,0,-0.0001021,0.108
440,0,0,-0.000102,16600.0,0,0,-0.000102,0.112
441,0,0,-0.0001019,16600.0,0,0,-0.0001019,0.108
442,0,0,-0.00010180000000000001,16600.0,0,0,-0.00010180000000000001,0.10400000000000001
443,0,0,-0.0001017,16800.0,0,0,-0.0001017,0.1
444,0,0,-0.0001016,16800.0,0,0,-0.0001016,0.10400000000000001
445,0,0,-0.0001015,16800.0,0,0,-0.0001015,0.096
446,0,0,-0.0001014,16800.0,0,0,-0.0001014,0.108
447,0,0,-0.0001013,16800.0,0,0,-0.0001013,0.108
448,0,0,-0.0001012,16800.0,0,0,-0.0001012,0.108
449,0,0,-0.00010109999999999999,16800.0,0,0,-0.00010109999999999999,0.108
450,0,0,-0.000101,16800.0,0,0,-0.000101,0.108
451,0,0,-0.0001009,16800.0,0,0,-0.0001009,0.108
452,0,0,-0.0001008,17000.0,0,0,-0.0001008,0.112
453,0,0,-0.00010070000000000001,17000.0,0,0,-0.00010070000000000001,0.10400000000000001
454,0,0,-0.0001006,17000.0,0,0,-0.0001006,0.1
455,0,0,-0.0001005,17000.0,0,0,-0.0001005,0.10400000000000001
456,0,0,-0.0001004,17000.0,0,0,-0.0001004,0.108
457,0,0,-0.0001003,17000.0,0,0,-0.0001003,0.10400000000000001
458,0,0,-0.0001002,17000.0,0,0,-0.0001002,0.10400000000000001
459,0,0,-0.0001001,17200.0,0,0,-0.0001001,0.1
460,0,0,-9.999999999999999e-05,17200.0,0,0,-9.999999999999999e-05,0.1
461,0,0,-9.99e-05,17200.0,0,0,-9.99e-05,0.112
462,0,0,-9.98e-05,17200.0,0,0,-9.98e-05,0.10400000000000001
463,0,0,-9.97e-05,17200.0,0,0,-9.97e-05,0.096
464,0,0,-9.960000000000001e-05,17200.0,0,0,-9.960000000000001e-05,0.1
465,0,0,-9.95e-05,17200.0,0,0,-9.95e-05,0.1
466,0,0,-9.94e-05,17200.0,0,0,-9.94e-05,0.10400000000000001
467,0,0,-9.93e-05,17200.0,0,0,-9.93e-05,0.1
468,0,0,-9.92e-05,17200.0,0,0,-9.92e-05,0.1
469,0,0,-9.91e-05,17200.0,0,0,-9.91e-05,0.108
470,0,0,-9.9e-05,17400.0,0,0,-9.9e-05,0.108
471,0,0,-9.889999999999999e-05,17400.0,0,0,-9.889999999999999e-05,0.10400000000000001
472,0,0,-9.88e-05,17400.0,0,0,-9.88e-05,0.116
473,0,0,-9.87e-05,17400.0,0,0,-9.87e-05,0.112
474,0,0,-9.86e-05,17400.0,0,0,-9.86e-05,0.112
475,0,0,-9.850000000000001e-05,17400.0,0,0,-9.850000000000001e-05,0.108
476,0,0,-9.84e-05,17400.0,0,0,-9.84e-05,0.108
477,0,0,-9.83e-05,17400.0,0,0,-9.83e-05,0.108
478,0,0,-9.82e-05,17400.0,0,0,-9.82e-05,0.10400000000000001
479,0,0,-9.81e-05,17400.0,0,0,-9.81e-05,0.124
480,0,0,-9.8e-05,17600.0,0,0,-9.8e-05,0.108
481,0,0,-9.79e-05,17600.0,0,0,-9.79e-05,0.124
482,0,0,-9.779999999999999e-05,17600.0,0,0,-9.779999999999999e-05,0.108
483,0,0,-9.77e-05,17600.0,0,0,-9.77e-05,0.096
484,0,0,-9.76e-05,17600.0,0,0,-9.76e-05,0.096
485,0,0,-9.75e-05,17600.0,0,0,-9.75e-05,0.10400000000000001
486,0,0,-9.740000000000001e-05,17600.0,0,0,-9.740000000000001e-05,0.1
487,0,0,-9.730000000000001e-05,17600.0,0,0,-9.730000000000001e-05,0.096
488,0,0,-9.72e-05,17600.0,0,0,-9.72e-05,0.088
489,0,0,-9.71e-05,17600.0,0,0,-9.71e-05,0.092
490,0,0,-9.7e-05,17600.0,0,0,-9.7e-05,0.1
491,0,0,-9.69e-05,17800.0,0,0,-9.69e-05,0.096
492,0,0,-9.68e-05,17600.0,0,0,-9.68e-05,0.096
493,0,0,-9.669999999999999e-05,17800.0,0,0,-9.669999999999999e-05,0.092
494,0,0,-9.66e-05,17800.0,0,0,-9.66e-05,0.084
495,0,0,-9.65e-05,17800.0,0,0,-9.65e-05,0.092
496,0,0,-9.64e-05,17800.0,0,0,-9.64e-05,0.10400000000000001
497,0,0,-9.630000000000001e-05,17800.0,0,0,-9.630000000000001e-05,0.1
498,0,0,-9.620000000000001e-05,17800.0,0,0,-9.620000000000001e-05,0.092
499,0,0,-9.61e-05,17800.0,0,0,-9.61e-05,0.096
500,0,0,-9.6e-05,17800.0,0,0,-9.6e-05,0.1
501,0,0,-9.59e-05,17800.0,0,0,-9.59e-05,0.096
502,0,0,-9.58e-05,17800.0,0,0,-9.58e-05,0.096
503,0,0,-9.57e-05,17800.0,0,0,-9.57e-05,0.092
504,0,0,-9.559999999999999e-05,17800.0,0,0,-9.559999999999999e-05,0.088
505,0,0,-9.549999999999999e-05,18000.0,0,0,-9.549999999999999e-05,0.08
506,0,0,-9.54e-05,17800.0,0,0,-9.54e-05,0.084
507,0,0,-9.53e-05,18000.0,0,0,-9.53e-05,0.076
508,0,0,-9.520000000000001e-05,18000.0,0,0,-9.520000000000001e-05,0.092
509,0,0,-9.510000000000001e-05,18000.0,0,0,-9.510000000000001e-05,0.108
510,0,0,-9.5e-05,18000.0,0,0,-9.5e-05,0.088
511,0,0,-9.49e-05,18000.0,0,0,-9.49e-05,0.096
512,0,0,-9.48e-05,18000.0,0,0,-9.48e-05,0.08
513,0,0,-9.47e-05,18000.0,0,0,-9.47e-05,0.084
514,0,0,-9.46e-05,18000.0,0,0,-9.46e-05,0.096
515,0,0,-9.449999999999999e-05,18000.0,0,0,-9.449999999999999e-05,0.092
516,0,0,-9.439999999999999e-05,18000.0,0,0,-9.439999999999999e-05,0.088
517,0,0,-9.43e-05,18000.0,0,0,-9.43e-05,0.07200000000000001
518,0,0,-9.42e-05,18000.0,0,0,-9.42e-05,0.08
519,0,0,-9.410000000000001e-05,18000.0,0,0,-9.410000000000001e-05,0.08
520,0,0,-9.400000000000001e-05,18000.0,0,0,-9.400000000000001e-05,0.08
521,0,0,-9.39e-05,18000.0,0,0,-9.39e-05,0.08
522,0,0,-9.38e-05,18000.0,0,0,-9.38e-05,0.07200000000000001
523,0,0,-9.37e-05,18000.0,0,0,-9.37e-05,0.092
524,0,0,-9.36e-05,18000.0,0,0,-9.36e-05,0.068
525,0,0,-9.35e-05,18000.0,0,0,-9.35e-05,0.07200000000000001
526,0,0,-9.34e-05,18200.0,0,0,-9.34e-05,0.068
527,0,0,-9.329999999999999e-05,18200.0,0,0,-9.329999999999999e-05,0.068
528,0,0,-9.32e-05,18200.0,0,0,-9.32e-05,0.07200000000000001
529,0,0,-9.31e-05,18200.0,0,0,-9.31e-05,0.07200000000000001
530,0,0,-9.3e-05,18200.0,0,0,-9.3e-05,0.064
531,0,0,-9.290000000000001e-05,18200.0,0,0,-9.290000000000001e-05,0.064
532,0,0,-9.28e-05,18200.0,0,0,-9.28e-05,0.056
533,0,0,-9.27e-05,18200.0,0,0,-9.27e-05,0.064
534,0,0,-9.26e-05,18200.0,0,0,-9.26e-05,0.06
535,0,0,-9.25e-05,18200.0,0,0,-9.25e-05,0.056
536,0,0,-9.24e-05,18200.0,0,0,-9.24e-05,0.056
537,0,0,-9.23e-05,18200.0,0,0,-9.23e-05,0.056
538,0,0,-9.219999999999999e-05,18200.0,0,0,-9.219999999999999e-05,0.056
539,0,0,-9.21e-05,18200.0,0,0,-9.21e-05,0.06
540,0,0,-9.2e-05,18200.0,0,0,-9.2e-05,0.064
541,0,0,-9.19e-05,18200.0,0,0,-9.19e-05,0.068
542,0,0,-9.180000000000001e-05,18200.0,0,0,-9.180000000000001e-05,0.056
543,0,0,-9.17e-05,18200.0,0,0,-9.17e-05,0.048
544,0,0,-9.16e-05,18200.0,0,0,-9.16e-05,0.048
545,0,0,-9.15e-05,18200.0,0,0,-9.15e-05,0.052000000000000005
546,0,0,-9.14e-05,18200.0,0,0,-9.14e-05,0.056
547,0,0,-9.13e-05,18200.0,0,0,-9.13e-05,0.052000000000000005
548,0,0,-9.12e-05,18200.0,0,0,-9.12e-05,0.056
549,0,0,-9.109999999999999e-05,18200.0,0,0,-9.109999999999999e-05,0.048
550,0,0,-9.1e-05,18200.0,0,0,-9.1e-05,0.048
551,0,0,-9.09e-05,18200.0,0,0,-9.09e-05,0.04
552,0,0,-9.08e-05,18200.0,0,0,-9.08e-05,0.052000000000000005
553,0,0,-9.070000000000001e-05,18200.0,0,0,-9.070000000000001e-05,0.048
554,0,0,-9.06e-05,18200.0,0,0,-9.06e-05,0.044
555,0,0,-9.05e-05,18200.0,0,0,-9.05e-05,0.04
556,0,0,-9.04e-05,18200.0,0,0,-9.04e-05,0.04
557,0,0,-9.03e-05,18200.0,0,0,-9.03e-05,0.04
558,0,0,-9.02e-05,18200.0,0,0,-9.02e-05,0.04
559,0,0,-9.01e-05,18200.0,0,0,-9.01e-05,0.04
560,0,0,-8.999999999999999e-05,18200.0,0,0,-8.999999999999999e-05,0.048
561,0,0,-8.99e-05,18200.0,0,0,-8.99e-05,0.056
562,0,0,-8.98e-05,18200.0,0,0,-8.98e-05,0.052000000000000005
563,0,0,-8.97e-05,18200.0,0,0,-8.97e-05,0.04
564,0,0,-8.960000000000001e-05,18200.0,0,0,-8.960000000000001e-05,0.04
565,0,0,-8.950000000000001e-05,18200.0,0,0,-8.950000000000001e-05,0.036000000000000004
566,0,0,-8.94e-05,18200.0,0,0,-8.94e-05,0.036000000000000004
567,0,0,-8.93e-05,18200.0,0,0,-8.93e-05,0.044
568,0,0,-8.92e-05,18200.0,0,0,-8.92e-05,0.044
569,0,0,-8.91e-05,18200.0,0,0,-8.91e-05,0.036000000000000004
570,0,0,-8.9e-05,18200.0,0,0,-8.9e-05,0.032
571,0,0,-8.889999999999999e-05,18200.0,0,0,-8.889999999999999e-05,0.028
572,0,0,-8.88e-05,18200.0,0,0,-8.88e-05,0.028
573,0,0,-8.87e-05,18200.0,0,0,-8.87e-05,0.032
574,0,0,-8.86e-05,18200.0,0,0,-8.86e-05,0.032
575,0,0,-8.850000000000001e-05,18200.0,0,0,-8.850000000000001e-05,0.028
576,0,0,-8.840000000000001e-05,18200.0,0,0,-8.840000000000001e-05,0.028
577,0,0,-8.83e-05,18200.0,0,0,-8.83e-05,0.028
578,0,0,-8.82e-05,18200.0,0,0,-8.82e-05,0.024
579,0,0,-8.81e-05,18200.0,0,0,-8.81e-05,0.02
580,0,0,-8.8e-05,18200.0,0,0,-8.8e-05,0.02
581,0,0,-8.79e-05,18200.0,0,0,-8.79e-05,0.02
582,0,0,-8.779999999999999e-05,18200.0,0,0,-8.779999999999999e-05,0.024
583,0,0,-8.77e-05,18200.0,0,0,-8.77e-05,0.02
584,0,0,-8.76e-05,18200.0,0,0,-8.76e-05,0.02
585,0,0,-8.75e-05,18200.0,0,0,-8.75e-05,0.02
586,0,0,-8.740000000000001e-05,18200.0,0,0,-8.740000000000001e-05,0.02
587,0,0,-8.730000000000001e-05,18200.0,0,0,-8.730000000000001e-05,0.016
588,0,0,-8.72e-05,18200.0,0,0,-8.72e-05,0.012
589,0,0,-8.71e-05,18200.0,0,0,-8.71e-05,0.012
590,0,0,-8.7e-05,18200.0,0,0,-8.7e-05,0.02
591,0,0,-8.69e-05,18200.0,0,0,-8.69e-05,0.024
592,0,0,-8.68e-05,18200.0,0,0,-8.68e-05,0.012
593,0,0,-8.669999999999999e-05,18200.0,0,0,-8.669999999999999e-05,0.012
594,0,0,-8.659999999999999e-05,18200.0,0,0,-8.659999999999999e-05,0.008
595,0,0,-8.65e-05,18200.0,0,0,-8.65e-05,0.012
596,0,0,-8.64e-05,18200.0,0,0,-8.64e-05,0.012
597,0,0,-8.630000000000001e-05,18200.0,0,0,-8.630000000000001e-05,0.008
598,0,0,-8.620000000000001e-05,18200.0,0,0,-8.620000000000001e-05,0.008
599,0,0,-8.61e-05,18200.0,0,0,-8.61e-05,0.008
600,0,0,-8.6e-05,18200.0,0,0,-8.6e-05,0.008
601,0,0,-8.59e-05,18200.0,0,0,-8.59e-05,0.004
602,0,0,-8.58e-05,18200.0,0,0,-8.58e-05,0.004
603,0,0,-8.57e-05,18200.0,0,0,-8.57e-05,0.004
604,0,0,-8.56e-05,18200.0,0,0,-8.56e-05,0.004
605,0,0,-8.549999999999999e-05,18200.0,0,0,-8.549999999999999e-05,0.004
606,0,0,-8.54e-05,18200.0,0,0,-8.54e-05,0.004
607,0,0,-8.53e-05,18200.0,0,0,-8.53e-05,0.004
608,0,0,-8.52e-05,18200.0,0,0,-8.52e-05,0.0
609,0,0,-8.510000000000001e-05,18200.0,0,0,-8.510000000000001e-05,0.0
610,0,0,-8.5e-05,18200.0,0,0,-8.5e-05,0.0
611,0,0,-8.49e-05,18200.0,0,0,-8.49e-05,0.0
612,0,0,-8.48e-05,18200.0,0,0,-8.48e-05,0.0
613,0,0,-8.47e-05,18000.0,0,0,-8.47e-05,0.0
614,0,0,-8.46e-05,18000.0,0,0,-8.46e-05,-0.004
615,0,0,-8.450000000000001e-05,18000.0,0,0,-8.450000000000001e-05,-0.004
616,0,0,-8.44e-05,18000.0,0,0,-8.44e-05,-0.004
617,0,0,-8.43e-05,18000.0,0,0,-8.43e-05,-0.004
618,0,0,-8.42e-05,18000.0,0,0,-8.42e-05,-0.004
619,0,0,-8.41e-05,18000.0,0,0,-8.41e-05,-0.004
620,0,0,-8.4e-05,18000.0,0,0,-8.4e-05,-0.008
621,0,0,-8.39e-05,18000.0,0,0,-8.39e-05,-0.008
622,0,0,-8.38e-05,18000.0,0,0,-8.38e-05,-0.008
623,0,0,-8.37e-05,18000.0,0,0,-8.37e-05,-0.008
624,0,0,-8.36e-05,18000.0,0,0,-8.36e-05,-0.008
625,0,0,-8.35e-05,18000.0,0,0,-8.35e-05,-0.008
626,0,0,-8.34e-05,18000.0,0,0,-8.34e-05,-0.008
627,0,0,-8.33e-05,18000.0,0,0,-8.33e-05,-0.012
628,0,0,-8.32e-05,18000.0,0,0,-8.32e-05,-0.012
629,0,0,-8.31e-05,18000.0,0,0,-8.31e-05,-0.012
630,0,0,-8.3e-05,18000.0,0,0,-8.3e-05,-0.012
631,0,0,-8.29e-05,17800.0,0,0,-8.29e-05,-0.012
632,0,0,-8.280000000000001e-05,17800.0,0,0,-8.280000000000001e-05,-0.016
633,0,0,-8.27e-05,17800.0,0,0,-8.27e-05,-0.016
634,0,0,-8.26e-05,17800.0,0,0,-8.26e-05,-0.016
635,0,0,-8.25e-05,17800.0,0,0,-8.25e-05,-0.016
636,0,0,-8.24e-05,17800.0,0,0,-8.24e-05,-0.016
637,0,0,-8.23e-05,17800.0,0,0,-8.23e-05,-0.016
638,0,0,-8.22e-05,17800.0,0,0,-8.22e-05,-0.016
639,0,0,-8.21e-05,17800.0,0,0,-8.21e-05,-0.02
640,0,0,-8.2e-05,17800.0,0,0,-8.2e-05,-0.02
641,0,0,-8.19e-05,17800.0,0,0,-8.19e-05,-0.02
642,0,0,-8.18e-05,17800.0,0,0,-8.18e-05,-0.02
643,0,0,-8.170000000000001e-05,17800.0,0,0,-8.170000000000001e-05,-0.02
644,0,0,-8.16e-05,17600.0,0,0,-8.16e-05,-0.02
645,0,0,-8.15e-05,17600.0,0,0,-8.15e-05,-0.02
646,0,0,-8.14e-05,17600.0,0,0,-8.14e-05,-0.024
647,0,0,-8.13e-05,17600.0,0,0,-8.13e-05,-0.024
648,0,0,-8.12e-05,17600.0,0,0,-8.12e-05,-0.024
649,0,0,-8.11e-05,17600.0,0,0,-8.11e-05,-0.024
650,0,0,-8.1e-05,17600.0,0,0,-8.1e-05,-0.024
651,0,0,-8.09e-05,17600.0,0,0,-8.09e-05,-0.024
652,0,0,-8.08e-05,17600.0,0,0,-8.08e-05,-0.028
653,0,0,-8.07e-05,17600.0,0,0,-8.07e-05,-0.028
654,0,0,-8.060000000000001e-05,17600.0,0,0,-8.060000000000001e-05,-0.028
655,0,0,-8.05e-05,17600.0,0,0,-8.05e-05,-0.028
656,0,0,-8.04e-05,17400.0,0,0,-8.04e-05,-0.028
657,0,0,-8.03e-05,17400.0,0,0,-8.03e-05,-0.028
658,0,0,-8.02e-05,17400.0,0,0,-8.02e-05,-0.032
659,0,0,-8.01e-05,17400.0,0,0,-8.01e-05,-0.032
660,0,0,-8e-05,17400.0,0,0,-8e-05,-0.032
661,0,0,-7.99e-05,17400.0,0,0,-7.99e-05,-0.032
662,0,0,-7.98e-05,17400.0,0,0,-7.98e-05,-0.032
663,0,0,-7.97e-05,17400.0,0,0,-7.97e-05,-0.032
664,0,0,-7.96e-05,17400.0,0,0,-7.96e-05,-0.032
665,0,0,-7.95e-05,17200.0,0,0,-7.95e-05,-0.032
666,0,0,-7.94e-05,17200.0,0,0,-7.94e-05,-0.036000000000000004
667,0,0,-7.93e-05,17200.0,0,0,-7.93e-05,-0.036000000000000004
668,0,0,-7.92e-05,17200.0,0,0,-7.92e-05,-0.036000000000000004
669,0,0,-7.91e-05,17200.0,0,0,-7.91e-05,-0.036000000000000004
670,0,0,-7.9e-05,17200.0,0,0,-7.9e-05,-0.036000000000000004
671,0,0,-7.890000000000001e-05,17200.0,0,0,-7.890000000000001e-05,-0.036000000000000004
672,0,0,-7.88e-05,17200.0,0,0,-7.88e-05,-0.036000000000000004
673,0,0,-7.87e-05,17200.0,0,0,-7.87e-05,-0.04
674,0,0,-7.86e-05,17200.0,0,0,-7.86e-05,-0.04
675,0,0,-7.85e-05,17200.0,0,0,-7.85e-05,-0.04
676,0,0,-7.84e-05,17000.0,0,0,-7.84e-05,-0.04
677,0,0,-7.83e-05,17000.0,0,0,-7.83e-05,-0.04
678,0,0,-7.82e-05,17000.0,0,0,-7.82e-05,-0.04
679,0,0,-7.81e-05,17000.0,0,0,-7.81e-05,-0.044
680,0,0,-7.8e-05,17000.0,0,0,-7.8e-05,-0.044
681,0,0,-7.79e-05,17000.0,0,0,-7.79e-05,-0.044
682,0,0,-7.780000000000001e-05,17000.0,0,0,-7.780000000000001e-05,-0.044
683,0,0,-7.77e-05,17000.0,0,0,-7.77e-05,-0.044
684,0,0,-7.76e-05,16800.0,0,0,-7.76e-05,-0.044
685,0,0,-7.75e-05,17000.0,0,0,-7.75e-05,-0.044
686,0,0,-7.74e-05,16800.0,0,0,-7.74e-05,-0.048
687,0,0,-7.73e-05,16800.0,0,0,-7.73e-05,-0.048
688,0,0,-7.72e-05,16800.0,0,0,-7.72e-05,-0.048
689,0,0,-7.71e-05,16800.0,0,0,-7.71e-05,-0.048
690,0,0,-7.7e-05,16800.0,0,0,-7.7e-05,-0.048
691,0,0,-7.69e-05,16800.0,0,0,-7.69e-05,-0.048
692,0,0,-7.68e-05,16800.0,0,0,-7.68e-05,-0.048
693,0,0,-7.670000000000001e-05,16600.0,0,0,-7.670000000000001e-05,-0.048
694,0,0,-7.66e-05,16600.0,0,0,-7.66e-05,-0.052000000000000005
695,0,0,-7.65e-05,16600.0,0,0,-7.65e-05,-0.052000000000000005
696,0,0,-7.64e-05,16600.0,0,0,-7.64e-05,-0.052000000000000005
697,0,0,-7.63e-05,16600.0,0,0,-7.63e-05,-0.052000000000000005
698,0,0,-7.62e-05,16600.0,0,0,-7.62e-05,-0.052000000000000005
699,0,0,-7.61e-05,16600.0,0,0,-7.61e-05,-0.052000000000000005
700,0,0,-7.6e-05,16600.0,0,0,-7.6e-05,-0.052000000000000005
701,0,0,-7.59e-05,16400.0,0,0,-7.59e-05,-0.056
702,0,0,-7.58e-05,16400.0,0,0,-7.58e-05,-0.056
703,0,0,-7.57e-05,16400.0,0,0,-7.57e-05,-0.056
704,0,0,-7.56e-05,16400.0,0,0,-7.56e-05,-0.056
705,0,0,-7.55e-05,16400.0,0,0,-7.55e-05,-0.056
706,0,0,-7.54e-05,16400.0,0,0,-7.54e-05,-0.056
707,0,0,-7.53e-05,16400.0,0,0,-7.53e-05,-0.056
708,0,0,-7.52e-05,16200.0,0,0,-7.52e-05,-0.056
709,0,0,-7.51e-05,16200.0,0,0,-7.51e-05,-0.06
710,0,0,-7.500000000000001e-05,16200.0,0,0,-7.500000000000001e-05,-0.06
711,0,0,-7.49e-05,16200.0,0,0,-7.49e-05,-0.06
712,0,0,-7.48e-05,16200.0,0,0,-7.48e-05,-0.06
713,0,0,-7.47e-05,16200.0,0,0,-7.47e-05,-0.06
714,0,0,-7.46e-05,16200.0,0,0,-7.46e-05,-0.06
715,0,0,-7.45e-05,16200.0,0,0,-7.45e-05,-0.06
716,0,0,-7.44e-05,16000.0,0,0,-7.44e-05,-0.06
717,0,0,-7.43e-05,16000.0,0,0,-7.43e-05,-0.064
718,0,0,-7.42e-05,16000.0,0,0,-7.42e-05,-0.064
719,0,0,-7.41e-05,16000.0,0,0,-7.41e-05,-0.064
720,0,0,-7.4e-05,16000.0,0,0,-7.4e-05,-0.064
721,0,0,-7.390000000000001e-05,16000.0,0,0,-7.390000000000001e-05,-0.064
722,0,0,-7.38e-05,15800.0,0,0,-7.38e-05,-0.064
723,0,0,-7.37e-05,15800.0,0,0,-7.37e-05,-0.064
724,0,0,-7.36e-05,15800.0,0,0,-7.36e-05,-0.068
725,0,0,-7.35e-05,15800.0,0,0,-7.35e-05,-0.068
726,0,0,-7.34e-05,15800.0,0,0,-7.34e-05,-0.068
727,0,0,-7.33e-05,15800.0,0,0,-7.33e-05,-0.068
728,0,0,-7.32e-05,15600.0,0,0,-7.32e-05,-0.068
729,0,0,-7.31e-05,15600.0,0,0,-7.31e-05,-0.068
730,0,0,-7.3e-05,15600.0,0,0,-7.3e-05,-0.068
731,0,0,-7.29e-05,15600.0,0,0,-7.29e-05,-0.068
732,0,0,-7.280000000000001e-05,15600.0,0,0,-7.280000000000001e-05,-0.068
733,0,0,-7.27e-05,15600.0,0,0,-7.27e-05,-0.07200000000000001
734,0,0,-7.26e-05,15600.0,0,0,-7.26e-05,-0.07200000000000001
735,0,0,-7.25e-05,15400.0,0,0,-7.25e-05,-0.07200000000000001
736,0,0,-7.24e-05,15400.0,0,0,-7.24e-05,-0.07200000000000001
737,0,0,-7.23e-05,15400.0,0,0,-7.23e-05,-0.07200000000000001
738,0,0,-7.22e-05,15400.0,0,0,-7.22e-05,-0.07200000000000001
739,0,0,-7.21e-05,15400.0,0,0,-7.21e-05,-0.07200000000000001
740,0,0,-7.2e-05,15400.0,0,0,-7.2e-05,-0.07200000000000001
741,0,0,-7.19e-05,15200.0,0,0,-7.19e-05,-0.076
742,0,0,-7.18e-05,15200.0,0,0,-7.18e-05,-0.076
743,0,0,-7.170000000000001e-05,15200.0,0,0,-7.170000000000001e-05,-0.076
744,0,0,-7.16e-05,15200.0,0,0,-7.16e-05,-0.076
745,0,0,-7.15e-05,15200.0,0,0,-7.15e-05,-0.076
746,0,0,-7.14e-05,15200.0,0,0,-7.14e-05,-0.076
747,0,0,-7.13e-05,15000.0,0,0,-7.13e-05,-0.076
748,0,0,-7.12e-05,15000.0,0,0,-7.12e-05,-0.076
749,0,0,-7.110000000000001e-05,15000.0,0,0,-7.110000000000001e-05,-0.076
750,0,0,-7.1e-05,15000.0,0,0,-7.1e-05,-0.08
751,0,0,-7.09e-05,15000.0,0,0,-7.09e-05,-0.08
752,0,0,-7.08e-05,15000.0,0,0,-7.08e-05,-0.08
753,0,0,-7.07e-05,14800.0,0,0,-7.07e-05,-0.08
754,0,0,-7.06e-05,14800.0,0,0,-7.06e-05,-0.08
755,0,0,-7.05e-05,14800.0,0,0,-7.05e-05,-0.08
756,0,0,-7.04e-05,14800.0,0,0,-7.04e-05,-0.08
757,0,0,-7.03e-05,14800.0,0,0,-7.03e-05,-0.08
758,0,0,-7.02e-05,14800.0,0,0,-7.02e-05,-0.08
759,0,0,-7.01e-05,14600.0,0,0,-7.01e-05,-0.08
760,0,0,-7.000000000000001e-05,14600.0,0,0,-7.000000000000001e-05,-0.084
761,0,0,-6.99e-05,14600.0,0,0,-6.99e-05,-0.084
762,0,0,-6.98e-05,14600.0,0,0,-6.98e-05,-0.084
763,0,0,-6.97e-05,14600.0,0,0,-6.97e-05,-0.084
764,0,0,-6.96e-05,14400.0,0,0,-6.96e-05,-0.084
765,0,0,-6.95e-05,14400.0,0,0,-6.95e-05,-0.084
766,0,0,-6.94e-05,14400.0,0,0,-6.94e-05,-0.084
767,0,0,-6.93e-05,14400.0,0,0,-6.93e-05,-0.084
768,0,0,-6.92e-05,14400.0,0,0,-6.92e-05,-0.084
769,0,0,-6.91e-05,14400.0,0,0,-6.91e-05,-0.088
770,0,0,-6.9e-05,14200.0,0,0,-6.9e-05,-0.088
771,0,0,-6.890000000000001e-05,14200.0,0,0,-6.890000000000001e-05,-0.088
772,0,0,-6.88e-05,14200.0,0,0,-6.88e-05,-0.088
773,0,0,-6.87e-05,14200.0,0,0,-6.87e-05,-0.088
774,0,0,-6.86e-05,14200.0,0,0,-6.86e-05,-0.088
775,0,0,-6.85e-05,14200.0,0,0,-6.85e-05,-0.088
776,0,0,-6.84e-05,14000.0,0,0,-6.84e-05,-0.088
777,0,0,-6.83e-05,14000.0,0,0,-6.83e-05,-0.088
778,0,0,-6.82e-05,14000.0,0,0,-6.82e-05,-0.088
779,0,0,-6.81e-05,14000.0,0,0,-6.81e-05,-0.088
780,0,0,-6.8e-05,14000.0,0,0,-6.8e-05,-0.092
781,0,0,-6.79e-05,13800.0,0,0,-6.79e-05,-0.092
782,0,0,-6.780000000000001e-05,13800.0,0,0,-6.780000000000001e-05,-0.092
783,0,0,-6.77e-05,13800.0,0,0,-6.77e-05,-0.092
784,0,0,-6.76e-05,13800.0,0,0,-6.76e-05,-0.092
785,0,0,-6.75e-05,13800.0,0,0,-6.75e-05,-0.092
786,0,0,-6.74e-05,13600.0,0,0,-6.74e-05,-0.092
787,0,0,-6.73e-05,13600.0,0,0,-6.73e-05,-0.092
788,0,0,-6.720000000000001e-05,13600.0,0,0,-6.720000000000001e-05,-0.092
789,0,0,-6.71e-05,13600.0,0,0,-6.71e-05,-0.092
790,0,0,-6.7e-05,13600.0,0,0,-6.7e-05,-0.092
791,0,0,-6.69e-05,13400.0,0,0,-6.69e-05,-0.096
792,0,0,-6.68e-05,13400.0,0,0,-6.68e-05,-0.096
793,0,0,-6.67e-05,13400.0,0,0,-6.67e-05,-0.096
794,0,0,-6.66e-05,13400.0,0,0,-6.66e-05,-0.096
795,0,0,-6.65e-05,13400.0,0,0,-6.65e-05,-0.096
796,0,0,-6.64e-05,13400.0,0,0,-6.64e-05,-0.096
797,0,0,-6.63e-05,13200.0,0,0,-6.63e-05,-0.096
798,0,0,-6.62e-05,13200.0,0,0,-6.62e-05,-0.096
799,0,0,-6.610000000000001e-05,13200.0,0,0,-6.610000000000001e-05,-0.096
800,0,0,-6.6e-05,13200.0,0,0,-6.6e-05,-0.096
801,0,0,-6.59e-05,13200.0,0,0,-6.59e-05,-0.096
802,0,0,-6.58e-05,13000.0,0,0,-6.58e-05,-0.096
803,0,0,-6.57e-05,13000.0,0,0,-6.57e-05,-0.1
804,0,0,-6.56e-05,13000.0,0,0,-6.56e-05,-0.1
805,0,0,-6.55e-05,13000.0,0,0,-6.55e-05,-0.1
806,0,0,-6.54e-05,13000.0,0,0,-6.54e-05,-0.1
807,0,0,-6.53e-05,12800.0,0,0,-6.53e-05,-0.1
808,0,0,-6.52e-05,12800.0,0,0,-6.52e-05,-0.1
809,0,0,-6.51e-05,12800.0,0,0,-6.51e-05,-0.1
810,0,0,-6.500000000000001e-05,12800.0,0,0,-6.500000000000001e-05,-0.1
811,0,0,-6.49e-05,12800.0,0,0,-6.49e-05,-0.1
812,0,0,-6.48e-05,12600.0,0,0,-6.48e-05,-0.1
813,0,0,-6.47e-05,12600.0,0,0,-6.47e-05,-0.1
814,0,0,-6.46e-05,12600.0,0,0,-6.46e-05,-0.1
815,0,0,-6.45e-05,12600.0,0,0,-6.45e-05,-0.1
816,0,0,-6.440000000000001e-05,12600.0,0,0,-6.440000000000001e-05,-0.10400000000000001
817,0,0,-6.43e-05,12400.0,0,0,-6.43e-05,-0.10400000000000001
818,0,0,-6.42e-05,12400.0,0,0,-6.42e-05,-0.10400000000000001
819,0,0,-6.41e-05,12400.0,0,0,-6.41e-05,-0.10400000000000001
820,0,0,-6.4e-05,12400.0,0,0,-6.4e-05,-0.10400000000000001
821,0,0,-6.390000000000001e-05,12400.0,0,0,-6.390000000000001e-05,-0.10400000000000001
822,0,0,-6.38e-05,12200.0,0,0,-6.38e-05,-0.10400000000000001
823,0,0,-6.37e-05,12200.0,0,0,-6.37e-05,-0.10400000000000001
824,0,0,-6.36e-05,12200.0,0,0,-6.36e-05,-0.10400000000000001
825,0,0,-6.35e-05,12200.0,0,0,-6.35e-05,-0.10400000000000001
826,0,0,-6.34e-05,12200.0,0,0,-6.34e-05,-0.10400000000000001
827,0,0,-6.330000000000001e-05,12000.0,0,0,-6.330000000000001e-05,-0.10400000000000001
828,0,0,-6.32e-05,12000.0,0,0,-6.32e-05,-0.10400000000000001
829,0,0,-6.31e-05,12000.0,0,0,-6.31e-05,-0.10400000000000001
830,0,0,-6.3e-05,12000.0,0,0,-6.3e-05,-0.10400000000000001
831,0,0,-6.29e-05,11800.0,0,0,-6.29e-05,-0.108
832,0,0,-6.280000000000001e-05,11800.0,0,0,-6.280000000000001e-05,-0.108
833,0,0,-6.27e-05,11800.0,0,0,-6.27e-05,-0.108
834,0,0,-6.26e-05,11800.0,0,0,-6.26e-05,-0.108
835,0,0,-6.25e-05,11800.0,0,0,-6.25e-05,-0.108
836,0,0,-6.24e-05,11600.0,0,0,-6.24e-05,-0.108
837,0,0,-6.23e-05,11600.0,0,0,-6.23e-05,-0.108
838,0,0,-6.220000000000001e-05,11600.0,0,0,-6.220000000000001e-05,-0.108
839,0,0,-6.21e-05,11600.0,0,0,-6.21e-05,-0.108
840,0,0,-6.2e-05,11600.0,0,0,-6.2e-05,-0.108
841,0,0,-6.19e-05,11400.0,0,0,-6.19e-05,-0.108
842,0,0,-6.18e-05,11400.0,0,0,-6.18e-05,-0.108
843,0,0,-6.17e-05,11400.0,0,0,-6.17e-05,-0.108
844,0,0,-6.16e-05,11400.0,0,0,-6.16e-05,-0.108
845,0,0,-6.15e-05,11200.0,0,0,-6.15e-05,-0.108
846,0,0,-6.14e-05,11200.0,0,0,-6.14e-05,-0.108
847,0,0,-6.13e-05,11200.0,0,0,-6.13e-05,-0.108
848,0,0,-6.12e-05,11200.0,0,0,-6.12e-05,-0.108
849,0,0,-6.110000000000001e-05,11200.0,0,0,-6.110000000000001e-05,-0.108
850,0,0,-6.1000000000000005e-05,11000.0,0,0,-6.1000000000000005e-05,-0.108
851,0,0,-6.09e-05,11000.0,0,0,-6.09e-05,-0.112
852,0,0,-6.08e-05,11000.0,0,0,-6.08e-05,-0.112
853,0,0,-6.07e-05,11000.0,0,0,-6.07e-05,-0.112
854,0,0,-6.0599999999999996e-05,10800.0,0,0,-6.0599999999999996e-05,-0.112
855,0,0,-6.050000000000001e-05,10800.0,0,0,-6.050000000000001e-05,-0.112
856,0,0,-6.0400000000000004e-05,10800.0,0,0,-6.0400000000000004e-05,-0.112
857,0,0,-6.03e-05,10800.0,0,0,-6.03e-05,-0.112
858,0,0,-6.02e-05,10800.0,0,0,-6.02e-05,-0.112
859,0,0,-6.01e-05,10800.0,0,0,-6.01e-05,-0.112
860,0,0,-6.000000000000001e-05,10600.0,0,0,-6.000000000000001e-05,-0.112
861,0,0,-5.9900000000000006e-05,10600.0,0,0,-5.9900000000000006e-05,-0.112
862,0,0,-5.9800000000000003e-05,10600.0,0,0,-5.9800000000000003e-05,-0.112
863,0,0,-5.97e-05,10600.0,0,0,-5.97e-05,-0.112
864,0,0,-5.96e-05,10400.0,0,0,-5.96e-05,-0.112
865,0,0,-5.9499999999999996e-05,10400.0,0,0,-5.9499999999999996e-05,-0.112
866,0,0,-5.940000000000001e-05,10400.0,0,0,-5.940000000000001e-05,-0.112
867,0,0,-5.9300000000000005e-05,10400.0,0,0,-5.9300000000000005e-05,-0.112
868,0,0,-5.92e-05,10400.0,0,0,-5.92e-05,-0.112
869,0,0,-5.91e-05,10200.0,0,0,-5.91e-05,-0.112
870,0,0,-5.9e-05,10200.0,0,0,-5.9e-05,-0.112
871,0,0,-5.890000000000001e-05,10200.0,0,0,-5.890000000000001e-05,-0.112
872,0,0,-5.8800000000000006e-05,10200.0,0,0,-5.8800000000000006e-05,-0.112
873,0,0,-5.8700000000000004e-05,10000.0,0,0,-5.8700000000000004e-05,-0.112
874,0,0,-5.86e-05,10000.0,0,0,-5.86e-05,-0.112
875,0,0,-5.85e-05,10000.0,0,0,-5.85e-05,-0.112
876,0,0,-5.8399999999999997e-05,10000.0,0,0,-5.8399999999999997e-05,-0.112
877,0,0,-5.830000000000001e-05,10000.0,0,0,-5.830000000000001e-05,-0.112
878,0,0,-5.8200000000000005e-05,9800.0,0,0,-5.8200000000000005e-05,-0.112
879,0,0,-5.81e-05,9800.0,0,0,-5.81e-05,-0.112
880,0,0,-5.8e-05,9800.0,0,0,-5.8e-05,-0.116
881,0,0,-5.79e-05,9800.0,0,0,-5.79e-05,-0.116
882,0,0,-5.7799999999999995e-05,9800.0,0,0,-5.7799999999999995e-05,-0.112
883,0,0,-5.7700000000000007e-05,9600.0,0,0,-5.7700000000000007e-05,-0.116
884,0,0,-5.7600000000000004e-05,9600.0,0,0,-5.7600000000000004e-05,-0.116
885,0,0,-5.75e-05,9600.0,0,0,-5.75e-05,-0.116
886,0,0,-5.74e-05,9600.0,0,0,-5.74e-05,-0.116
887,0,0,-5.73e-05,9400.0,0,0,-5.73e-05,-0.116
888,0,0,-5.720000000000001e-05,9400.0,0,0,-5.720000000000001e-05,-0.116
889,0,0,-5.7100000000000006e-05,9400.0,0,0,-5.7100000000000006e-05,-0.116
890,0,0,-5.7e-05,9400.0,0,0,-5.7e-05,-0.116
891,0,0,-5.69e-05,9400.0,0,0,-5.69e-05,-0.116
892,0,0,-5.68e-05,9200.0,0,0,-5.68e-05,-0.116
893,0,0,-5.6699999999999996e-05,9200.0,0,0,-5.6699999999999996e-05,-0.116
894,0,0,-5.660000000000001e-05,9200.0,0,0,-5.660000000000001e-05,-0.116
895,0,0,-5.6500000000000005e-05,9200.0,0,0,-5.6500000000000005e-05,-0.116
896,0,0,-5.64e-05,9000.0,0,0,-5.64e-05,-0.116
897,0,0,-5.63e-05,9000.0,0,0,-5.63e-05,-0.116
898,0,0,-5.62e-05,9000.0,0,0,-5.62e-05,-0.116
899,0,0,-5.610000000000001e-05,9000.0,0,0,-5.610000000000001e-05,-0.116
900,0,0,-5.6000000000000006e-05,9000.0,0,0,-5.6000000000000006e-05,-0.116
901,0,0,-5.5900000000000004e-05,8800.0,0,0,-5.5900000000000004e-05,-0.116
902,0,0,-5.58e-05,8800.0,0,0,-5.58e-05,-0.116
903,0,0,-5.57e-05,8800.0,0,0,-5.57e-05,-0.116
904,0,0,-5.5599999999999996e-05,8800.0,0,0,-5.5599999999999996e-05,-0.116
905,0,0,-5.550000000000001e-05,8800.0,0,0,-5.550000000000001e-05,-0.116
906,0,0,-5.5400000000000005e-05,8600.0,0,0,-5.5400000000000005e-05,-0.116
907,0,0,-5.53e-05,8600.0,0,0,-5.53e-05,-0.116
908,0,0,-5.52e-05,8600.0,0,0,-5.52e-05,-0.116
909,0,0,-5.51e-05,8600.0,0,0,-5.51e-05,-0.116
910,0,0,-5.500000000000001e-05,8600.0,0,0,-5.500000000000001e-05,-0.116
911,0,0,-5.4900000000000006e-05,8400.0,0,0,-5.4900000000000006e-05,-0.116
912,0,0,-5.4800000000000004e-05,8400.0,0,0,-5.4800000000000004e-05,-0.116
913,0,0,-5.47e-05,8400.0,0,0,-5.47e-05,-0.116
914,0,0,-5.46e-05,8400.0,0,0,-5.46e-05,-0.116
915,0,0,-5.4499999999999997e-05,8200.0,0,0,-5.4499999999999997e-05,-0.116
916,0,0,-5.440000000000001e-05,8200.0,0,0,-5.440000000000001e-05,-0.116
917,0,0,-5.4300000000000005e-05,8200.0,0,0,-5.4300000000000005e-05,-0.116
918,0,0,-5.42e-05,8200.0,0,0,-5.42e-05,-0.116
919,0,0,-5.41e-05,8200.0,0,0,-5.41e-05,-0.116
920,0,0,-5.4e-05,8000.0,0,0,-5.4e-05,-0.116
921,0,0,-5.3899999999999996e-05,8000.0,0,0,-5.3899999999999996e-05,-0.116
922,0,0,-5.380000000000001e-05,8000.0,0,0,-5.380000000000001e-05,-0.116
923,0,0,-5.3700000000000004e-05,8000.0,0,0,-5.3700000000000004e-05,-0.116
924,0,0,-5.36e-05,8000.0,0,0,-5.36e-05,-0.116
925,0,0,-5.35e-05,7800.0,0,0,-5.35e-05,-0.116
926,0,0,-5.34e-05,7800.0,0,0,-5.34e-05,-0.116
927,0,0,-5.330000000000001e-05,7800.0,0,0,-5.330000000000001e-05,-0.116
928,0,0,-5.3200000000000006e-05,7800.0,0,0,-5.3200000000000006e-05,-0.116
929,0,0,-5.31e-05,7800.0,0,0,-5.31e-05,-0.116
930,0,0,-5.3e-05,7600.0,0,0,-5.3e-05,-0.116
931,0,0,-5.29e-05,7600.0,0,0,-5.29e-05,-0.116
932,0,0,-5.2799999999999996e-05,7600.0,0,0,-5.2799999999999996e-05,-0.116
933,0,0,-5.270000000000001e-05,7600.0,0,0,-5.270000000000001e-05,-0.112
934,0,0,-5.2600000000000005e-05,7400.0,0,0,-5.2600000000000005e-05,-0.116
935,0,0,-5.25e-05,7400.0,0,0,-5.25e-05,-0.116
936,0,0,-5.24e-05,7400.0,0,0,-5.24e-05,-0.116
937,0,0,-5.23e-05,7400.0,0,0,-5.23e-05,-0.116
938,0,0,-5.220000000000001e-05,7400.0,0,0,-5.220000000000001e-05,-0.112
939,0,0,-5.2100000000000006e-05,7200.0,0,0,-5.2100000000000006e-05,-0.112
940,0,0,-5.2000000000000004e-05,7200.0,0,0,-5.2000000000000004e-05,-0.112
941,0,0,-5.19e-05,7200.0,0,0,-5.19e-05,-0.112
942,0,0,-5.18e-05,7200.0,0,0,-5.18e-05,-0.112
943,0,0,-5.1699999999999996e-05,7200.0,0,0,-5.1699999999999996e-05,-0.112
944,0,0,-5.160000000000001e-05,7000.0,0,0,-5.160000000000001e-05,-0.112
945,0,0,-5.1500000000000005e-05,7000.0,0,0,-5.1500000000000005e-05,-0.112
946,0,0,-5.14e-05,7000.0,0,0,-5.14e-05,-0.112
947,0,0,-5.13e-05,7000.0,0,0,-5.13e-05,-0.112
948,0,0,-5.12e-05,6800.0,0,0,-5.12e-05,-0.112
949,0,0,-5.110000000000001e-05,6800.0,0,0,-5.110000000000001e-05,-0.112
950,0,0,-5.1000000000000006e-05,6800.0,0,0,-5.1000000000000006e-05,-0.112
951,0,0,-5.0900000000000004e-05,6800.0,0,0,-5.0900000000000004e-05,-0.112
952,0,0,-5.08e-05,6800.0,0,0,-5.08e-05,-0.112
953,0,0,-5.07e-05,6800.0,0,0,-5.07e-05,-0.112
954,0,0,-5.06e-05,6600.0,0,0,-5.06e-05,-0.112
955,0,0,-5.050000000000001e-05,6600.0,0,0,-5.050000000000001e-05,-0.112
956,0,0,-5.0400000000000005e-05,6600.0,0,0,-5.0400000000000005e-05,-0.112
957,0,0,-5.03e-05,6600.0,0,0,-5.03e-05,-0.112
958,0,0,-5.02e-05,6600.0,0,0,-5.02e-05,-0.112
959,0,0,-5.01e-05,6400.0,0,0,-5.01e-05,-0.112
960,0,0,-4.9999999999999996e-05,6400.0,0,0,-4.9999999999999996e-05,-0.112
961,0,0,-4.990000000000001e-05,6400.0,0,0,-4.990000000000001e-05,-0.112
962,0,0,-4.9800000000000004e-05,6400.0,0,0,-4.9800000000000004e-05,-0.112
963,0,0,-4.97e-05,6200.0,0,0,-4.97e-05,-0.112
964,0,0,-4.96e-05,6200.0,0,0,-4.96e-05,-0.112
965,0,0,-4.95e-05,6200.0,0,0,-4.95e-05,-0.112
966,0,0,-4.940000000000001e-05,6200.0,0,0,-4.940000000000001e-05,-0.112
967,0,0,-4.9300000000000006e-05,6200.0,0,0,-4.9300000000000006e-05,-0.112
968,0,0,-4.92e-05,6200.0,0,0,-4.92e-05,-0.112
969,0,0,-4.91e-05,6000.0,0,0,-4.91e-05,-0.112
970,0,0,-4.9e-05,6000.0,0,0,-4.9e-05,-0.108
971,0,0,-4.8899999999999996e-05,6000.0,0,0,-4.8899999999999996e-05,-0.112
972,0,0,-4.880000000000001e-05,6000.0,0,0,-4.880000000000001e-05,-0.108
973,0,0,-4.8700000000000005e-05,6000.0,0,0,-4.8700000000000005e-05,-0.108
974,0,0,-4.86e-05,5800.0,0,0,-4.86e-05,-0.108
975,0,0,-4.85e-05,5800.0,0,0,-4.85e-05,-0.108
976,0,0,-4.84e-05,5800.0,0,0,-4.84e-05,-0.108
977,0,0,-4.830000000000001e-05,5800.0,0,0,-4.830000000000001e-05,-0.108
978,0,0,-4.8200000000000006e-05,5800.0,0,0,-4.8200000000000006e-05,-0.108
979,0,0,-4.8100000000000004e-05,5600.0,0,0,-4.8100000000000004e-05,-0.108
980,0,0,-4.8e-05,5600.0,0,0,-4.8e-05,-0.108
981,0,0,-4.79e-05,5600.0,0,0,-4.79e-05,-0.108
982,0,0,-4.7799999999999996e-05,5600.0,0,0,-4.7799999999999996e-05,-0.108
983,0,0,-4.770000000000001e-05,5600.0,0,0,-4.770000000000001e-05,-0.108
984,0,0,-4.7600000000000005e-05,5400.0,0,0,-4.7600000000000005e-05,-0.108
985,0,0,-4.75e-05,5400.0,0,0,-4.75e-05,-0.10400000000000001
986,0,0,-4.74e-05,5400.0,0,0,-4.74e-05,-0.108
987,0,0,-4.73e-05,5400.0,0,0,-4.73e-05,-0.108
988,0,0,-4.720000000000001e-05,5400.0,0,0,-4.720000000000001e-05,-0.10400000000000001
989,0,0,-4.7100000000000006e-05,5400.0,0,0,-4.7100000000000006e-05,-0.10400000000000001
990,0,0,-4.7000000000000004e-05,5200.0,0,0,-4.7000000000000004e-05,-0.10400000000000001
991,0,0,-4.69e-05,5200.0,0,0,-4.69e-05,-0.10400000000000001
992,0,0,-4.68e-05,5200.0,0,0,-4.68e-05,-0.10400000000000001
993,0,0,-4.67e-05,5200.0,0,0,-4.67e-05,-0.10400000000000001
994,0,0,-4.660000000000001e-05,5200.0,0,0,-4.660000000000001e-05,-0.10400000000000001
995,0,0,-4.6500000000000005e-05,5000.0,0,0,-4.6500000000000005e-05,-0.10400000000000001
996,0,0,-4.64e-05,5000.0,0,0,-4.64e-05,-0.10400000000000001
997,0,0,-4.63e-05,5000.0,0,0,-4.63e-05,-0.10400000000000001
998,0,0,-4.62e-05,5000.0,0,0,-4.62e-05,-0.10400000000000001
999,0,0,-4.610000000000001e-05,5000.0,0,0,-4.610000000000001e-05,-0.10400000000000001
1000,0,0,-4.600000000000001e-05,5000.0,0,0,-4.600000000000001e-05,-0.10400000000000001
1001,0,0,-4.5900000000000004e-05,4800.0,0,0,-4.5900000000000004e-05,-0.10400000000000001
1002,0,0,-4.58e-05,4800.0,0,0,-4.58e-05,-0.10400000000000001
1003,0,0,-4.57e-05,4800.0,0,0,-4.57e-05,-0.1
1004,0,0,-4.56e-05,4800.0,0,0,-4.56e-05,-0.10400000000000001
1005,0,0,-4.550000000000001e-05,4800.0,0,0,-4.550000000000001e-05,-0.1
1006,0,0,-4.5400000000000006e-05,4600.0,0,0,-4.5400000000000006e-05,-0.1
1007,0,0,-4.53e-05,4600.0,0,0,-4.53e-05,-0.1
1008,0,0,-4.52e-05,4600.0,0,0,-4.52e-05,-0.1
1009,0,0,-4.51e-05,4600.0,0,0,-4.51e-05,-0.1
1010,0,0,-4.4999999999999996e-05,4600.0,0,0,-4.4999999999999996e-05,-0.1
1011,0,0,-4.490000000000001e-05,4600.0,0,0,-4.490000000000001e-05,-0.1
1012,0,0,-4.4800000000000005e-05,4600.0,0,0,-4.4800000000000005e-05,-0.1
1013,0,0,-4.47e-05,4400.0,0,0,-4.47e-05,-0.1
1014,0,0,-4.46e-05,4400.0,0,0,-4.46e-05,-0.1
1015,0,0,-4.45e-05,4400.0,0,0,-4.45e-05,-0.1
1016,0,0,-4.440000000000001e-05,4400.0,0,0,-4.440000000000001e-05,-0.096
1017,0,0,-4.4300000000000006e-05,4400.0,0,0,-4.4300000000000006e-05,-0.096
1018,0,0,-4.4200000000000004e-05,4400.0,0,0,-4.4200000000000004e-05,-0.1
1019,0,0,-4.41e-05,4200.0,0,0,-4.41e-05,-0.096
1020,0,0,-4.4e-05,4200.0,0,0,-4.4e-05,-0.096
1021,0,0,-4.3899999999999996e-05,4200.0,0,0,-4.3899999999999996e-05,-0.096
1022,0,0,-4.380000000000001e-05,4200.0,0,0,-4.380000000000001e-05,-0.096
1023,0,0,-4.3700000000000005e-05,4200.0,0,0,-4.3700000000000005e-05,-0.096
1024,0,0,-4.36e-05,4000.0,0,0,-4.36e-05,-0.096
1025,0,0,-4.35e-05,4000.0,0,0,-4.35e-05,-0.096
1026,0,0,-4.34e-05,4000.0,0,0,-4.34e-05,-0.096
1027,0,0,-4.330000000000001e-05,4000.0,0,0,-4.330000000000001e-05,-0.092
1028,0,0,-4.3200000000000007e-05,4000.0,0,0,-4.3200000000000007e-05,-0.092
1029,0,0,-4.3100000000000004e-05,4000.0,0,0,-4.3100000000000004e-05,-0.092
1030,0,0,-4.3e-05,4000.0,0,0,-4.3e-05,-0.092
1031,0,0,-4.29e-05,3800.0,0,0,-4.29e-05,-0.092
1032,0,0,-4.28e-05,3800.0,0,0,-4.28e-05,-0.092
1033,0,0,-4.270000000000001e-05,3800.0,0,0,-4.270000000000001e-05,-0.092
1034,0,0,-4.2600000000000005e-05,3800.0,0,0,-4.2600000000000005e-05,-0.092
1035,0,0,-4.25e-05,3800.0,0,0,-4.25e-05,-0.092
1036,0,0,-4.24e-05,3800.0,0,0,-4.24e-05,-0.092
1037,0,0,-4.23e-05,3600.0,0,0,-4.23e-05,-0.092
1038,0,0,-4.220000000000001e-05,3600.0,0,0,-4.220000000000001e-05,-0.092
1039,0,0,-4.210000000000001e-05,3600.0,0,0,-4.210000000000001e-05,-0.092
1040,0,0,-4.2000000000000004e-05,3600.0,0,0,-4.2000000000000004e-05,-0.088
1041,0,0,-4.19e-05,3600.0,0,0,-4.19e-05,-0.088
1042,0,0,-4.18e-05,3600.0,0,0,-4.18e-05,-0.088
1043,0,0,-4.17e-05,3600.0,0,0,-4.17e-05,-0.088
1044,0,0,-4.160000000000001e-05,3600.0,0,0,-4.160000000000001e-05,-0.088
1045,0,0,-4.1500000000000006e-05,3400.0,0,0,-4.1500000000000006e-05,-0.088
1046,0,0,-4.1400000000000003e-05,3400.0,0,0,-4.1400000000000003e-05,-0.088
1047,0,0,-4.13e-05,3400.0,0,0,-4.13e-05,-0.088
1048,0,0,-4.12e-05,3400.0,0,0,-4.12e-05,-0.088
1049,0,0,-4.1099999999999996e-05,3400.0,0,0,-4.1099999999999996e-05,-0.084
1050,0,0,-4.100000000000001e-05,3400.0,0,0,-4.100000000000001e-05,-0.084
1051,0,0,-4.0900000000000005e-05,3200.0,0,0,-4.0900000000000005e-05,-0.084
1052,0,0,-4.08e-05,3200.0,0,0,-4.08e-05,-0.084
1053,0,0,-4.07e-05,3200.0,0,0,-4.07e-05,-0.084
1054,0,0,-4.06e-05,3200.0,0,0,-4.06e-05,-0.084
1055,0,0,-4.050000000000001e-05,3200.0,0,0,-4.050000000000001e-05,-0.084
1056,0,0,-4.0400000000000006e-05,3200.0,0,0,-4.0400000000000006e-05,-0.084
1057,0,0,-4.0300000000000004e-05,3200.0,0,0,-4.0300000000000004e-05,-0.084
1058,0,0,-4.02e-05,3200.0,0,0,-4.02e-05,-0.08
1059,0,0,-4.01e-05,3000.0,0,0,-4.01e-05,-0.08
1060,0,0,-3.9999999999999996e-05,3000.0,0,0,-3.9999999999999996e-05,-0.08
1061,0,0,-3.990000000000001e-05,3000.0,0,0,-3.990000000000001e-05,-0.08
1062,0,0,-3.9800000000000005e-05,3000.0,0,0,-3.9800000000000005e-05,-0.08
1063,0,0,-3.97e-05,3000.0,0,0,-3.97e-05,-0.08
1064,0,0,-3.96e-05,3000.0,0,0,-3.96e-05,-0.08
1065,0,0,-3.95e-05,3000.0,0,0,-3.95e-05,-0.08
1066,0,0,-3.940000000000001e-05,2800.0,0,0,-3.940000000000001e-05,-0.08
1067,0,0,-3.9300000000000007e-05,2800.0,0,0,-3.9300000000000007e-05,-0.076
1068,0,0,-3.9200000000000004e-05,2800.0,0,0,-3.9200000000000004e-05,-0.076
1069,0,0,-3.91e-05,2800.0,0,0,-3.91e-05,-0.076
1070,0,0,-3.9e-05,2800.0,0,0,-3.9e-05,-0.076
1071,0,0,-3.89e-05,2800.0,0,0,-3.89e-05,-0.076
1072,0,0,-3.880000000000001e-05,2800.0,0,0,-3.880000000000001e-05,-0.076
1073,0,0,-3.8700000000000006e-05,2800.0,0,0,-3.8700000000000006e-05,-0.076
1074,0,0,-3.86e-05,2800.0,0,0,-3.86e-05,-0.076
1075,0,0,-3.85e-05,2600.0,0,0,-3.85e-05,-0.07200000000000001
1076,0,0,-3.84e-05,2600.0,0,0,-3.84e-05,-0.07200000000000001
1077,0,0,-3.830000000000001e-05,2600.0,0,0,-3.830000000000001e-05,-0.07200000000000001
1078,0,0,-3.820000000000001e-05,2600.0,0,0,-3.820000000000001e-05,-0.07200000000000001
1079,0,0,-3.8100000000000005e-05,2600.0,0,0,-3.8100000000000005e-05,-0.07200000000000001
1080,0,0,-3.8e-05,2600.0,0,0,-3.8e-05,-0.07200000000000001
1081,0,0,-3.79e-05,2600.0,0,0,-3.79e-05,-0.07200000000000001
1082,0,0,-3.78e-05,2600.0,0,0,-3.78e-05,-0.07200000000000001
1083,0,0,-3.770000000000001e-05,2600.0,0,0,-3.770000000000001e-05,-0.068
1084,0,0,-3.7600000000000006e-05,2400.0,0,0,-3.7600000000000006e-05,-0.07200000000000001
1085,0,0,-3.7500000000000003e-05,2400.0,0,0,-3.7500000000000003e-05,-0.07200000000000001
1086,0,0,-3.74e-05,2400.0,0,0,-3.74e-05,-0.068
1087,0,0,-3.73e-05,2400.0,0,0,-3.73e-05,-0.068
1088,0,0,-3.720000000000001e-05,2400.0,0,0,-3.720000000000001e-05,-0.068
1089,0,0,-3.710000000000001e-05,2400.0,0,0,-3.710000000000001e-05,-0.068
1090,0,0,-3.7000000000000005e-05,2400.0,0,0,-3.7000000000000005e-05,-0.068
1091,0,0,-3.69e-05,2400.0,0,0,-3.69e-05,-0.068
1092,0,0,-3.68e-05,2200.0,0,0,-3.68e-05,-0.068
1093,0,0,-3.67e-05,2200.0,0,0,-3.67e-05,-0.064
1094,0,0,-3.660000000000001e-05,2200.0,0,0,-3.660000000000001e-05,-0.064
1095,0,0,-3.6500000000000006e-05,2200.0,0,0,-3.6500000000000006e-05,-0.06
1096,0,0,-3.6400000000000004e-05,2200.0,0,0,-3.6400000000000004e-05,-0.064
1097,0,0,-3.63e-05,2200.0,0,0,-3.63e-05,-0.064
1098,0,0,-3.62e-05,2200.0,0,0,-3.62e-05,-0.064
1099,0,0,-3.6099999999999997e-05,2200.0,0,0,-3.6099999999999997e-05,-0.064
1100,0,0,-3.600000000000001e-05,2200.0,0,0,-3.600000000000001e-05,-0.06
1101,0,0,-3.5900000000000005e-05,2200.0,0,0,-3.5900000000000005e-05,-0.06
1102,0,0,-3.58e-05,2200.0,0,0,-3.58e-05,-0.06
1103,0,0,-3.57e-05,2000.0,0,0,-3.57e-05,-0.06
1104,0,0,-3.56e-05,2000.0,0,0,-3.56e-05,-0.06
1105,0,0,-3.550000000000001e-05,2000.0,0,0,-3.550000000000001e-05,-0.06
1106,0,0,-3.540000000000001e-05,2000.0,0,0,-3.540000000000001e-05,-0.06
1107,0,0,-3.5300000000000004e-05,2000.0,0,0,-3.5300000000000004e-05,-0.06
1108,0,0,-3.52e-05,2000.0,0,0,-3.52e-05,-0.06
1109,0,0,-3.51e-05,2000.0,0,0,-3.51e-05,-0.06
1110,0,0,-3.5e-05,2000.0,0,0,-3.5e-05,-0.06
1111,0,0,-3.490000000000001e-05,2000.0,0,0,-3.490000000000001e-05,-0.056
1112,0,0,-3.4800000000000006e-05,2000.0,0,0,-3.4800000000000006e-05,-0.056
1113,0,0,-3.47e-05,2000.0,0,0,-3.47e-05,-0.056
1114,0,0,-3.46e-05,1800.0,0,0,-3.46e-05,-0.056
1115,0,0,-3.45e-05,1800.0,0,0,-3.45e-05,-0.056
1116,0,0,-3.440000000000001e-05,1800.0,0,0,-3.440000000000001e-05,-0.052000000000000005
1117,0,0,-3.430000000000001e-05,1800.0,0,0,-3.430000000000001e-05,-0.052000000000000005
1118,0,0,-3.4200000000000005e-05,1800.0,0,0,-3.4200000000000005e-05,-0.052000000000000005
1119,0,0,-3.41e-05,1800.0,0,0,-3.41e-05,-0.052000000000000005
1120,0,0,-3.4e-05,1800.0,0,0,-3.4e-05,-0.052000000000000005
1121,0,0,-3.39e-05,1800.0,0,0,-3.39e-05,-0.052000000000000005
1122,0,0,-3.380000000000001e-05,1800.0,0,0,-3.380000000000001e-05,-0.052000000000000005
1123,0,0,-3.3700000000000006e-05,1800.0,0,0,-3.3700000000000006e-05,-0.052000000000000005
1124,0,0,-3.3600000000000004e-05,1800.0,0,0,-3.3600000000000004e-05,-0.048
1125,0,0,-3.35e-05,1800.0,0,0,-3.35e-05,-0.048
1126,0,0,-3.34e-05,1800.0,0,0,-3.34e-05,-0.048
1127,0,0,-3.330000000000001e-05,1800.0,0,0,-3.330000000000001e-05,-0.048
1128,0,0,-3.320000000000001e-05,1600.0,0,0,-3.320000000000001e-05,-0.048
1129,0,0,-3.3100000000000005e-05,1600.0,0,0,-3.3100000000000005e-05,-0.048
1130,0,0,-3.3e-05,1600.0,0,0,-3.3e-05,-0.048
1131,0,0,-3.29e-05,1600.0,0,0,-3.29e-05,-0.048
1132,0,0,-3.28e-05,1600.0,0,0,-3.28e-05,-0.048
1133,0,0,-3.270000000000001e-05,1600.0,0,0,-3.270000000000001e-05,-0.044
1134,0,0,-3.2600000000000006e-05,1600.0,0,0,-3.2600000000000006e-05,-0.044
1135,0,0,-3.2500000000000004e-05,1600.0,0,0,-3.2500000000000004e-05,-0.044
1136,0,0,-3.24e-05,1600.0,0,0,-3.24e-05,-0.044
1137,0,0,-3.23e-05,1600.0,0,0,-3.23e-05,-0.044
1138,0,0,-3.22e-05,1600.0,0,0,-3.22e-05,-0.044
1139,0,0,-3.210000000000001e-05,1600.0,0,0,-3.210000000000001e-05,-0.044
1140,0,0,-3.2000000000000005e-05,1600.0,0,0,-3.2000000000000005e-05,-0.04
1141,0,0,-3.19e-05,1600.0,0,0,-3.19e-05,-0.04
1142,0,0,-3.18e-05,1600.0,0,0,-3.18e-05,-0.04
1143,0,0,-3.17e-05,1600.0,0,0,-3.17e-05,-0.04
1144,0,0,-3.160000000000001e-05,1600.0,0,0,-3.160000000000001e-05,-0.036000000000000004
1145,0,0,-3.150000000000001e-05,1400.0,0,0,-3.150000000000001e-05,-0.036000000000000004
1146,0,0,-3.1400000000000004e-05,1400.0,0,0,-3.1400000000000004e-05,-0.036000000000000004
1147,0,0,-3.13e-05,1400.0,0,0,-3.13e-05,-0.036000000000000004
1148,0,0,-3.12e-05,1400.0,0,0,-3.12e-05,-0.036000000000000004
1149,0,0,-3.11e-05,1400.0,0,0,-3.11e-05,-0.036000000000000004
1150,0,0,-3.100000000000001e-05,1400.0,0,0,-3.100000000000001e-05,-0.036000000000000004
1151,0,0,-3.0900000000000006e-05,1400.0,0,0,-3.0900000000000006e-05,-0.032
1152,0,0,-3.08e-05,1400.0,0,0,-3.08e-05,-0.032
1153,0,0,-3.07e-05,1400.0,0,0,-3.07e-05,-0.032
1154,0,0,-3.06e-05,1400.0,0,0,-3.06e-05,-0.032
1155,0,0,-3.050000000000001e-05,1400.0,0,0,-3.050000000000001e-05,-0.032
1156,0,0,-3.0400000000000007e-05,1400.0,0,0,-3.0400000000000007e-05,-0.028
1157,0,0,-3.0300000000000005e-05,1400.0,0,0,-3.0300000000000005e-05,-0.032
1158,0,0,-3.0200000000000002e-05,1400.0,0,0,-3.0200000000000002e-05,-0.032
1159,0,0,-3.01e-05,1400.0,0,0,-3.01e-05,-0.032
1160,0,0,-2.9999999999999997e-05,1400.0,0,0,-2.9999999999999997e-05,-0.028
1161,0,0,-2.990000000000001e-05,1400.0,0,0,-2.990000000000001e-05,-0.028
1162,0,0,-2.9800000000000006e-05,1400.0,0,0,-2.9800000000000006e-05,-0.028
1163,0,0,-2.9700000000000004e-05,1400.0,0,0,-2.9700000000000004e-05,-0.028
1164,0,0,-2.96e-05,1400.0,0,0,-2.96e-05,-0.028
1165,0,0,-2.95e-05,1400.0,0,0,-2.95e-05,-0.028
1166,0,0,-2.940000000000001e-05,1400.0,0,0,-2.940000000000001e-05,-0.028
1167,0,0,-2.9300000000000007e-05,1400.0,0,0,-2.9300000000000007e-05,-0.024
1168,0,0,-2.9200000000000005e-05,1400.0,0,0,-2.9200000000000005e-05,-0.024
1169,0,0,-2.9100000000000003e-05,1400.0,0,0,-2.9100000000000003e-05,-0.024
1170,0,0,-2.9e-05,1400.0,0,0,-2.9e-05,-0.024
1171,0,0,-2.8899999999999998e-05,1400.0,0,0,-2.8899999999999998e-05,-0.024
1172,0,0,-2.880000000000001e-05,1400.0,0,0,-2.880000000000001e-05,-0.024
1173,0,0,-2.8700000000000006e-05,1400.0,0,0,-2.8700000000000006e-05,-0.024
1174,0,0,-2.8600000000000004e-05,1400.0,0,0,-2.8600000000000004e-05,-0.02
1175,0,0,-2.85e-05,1400.0,0,0,-2.85e-05,-0.02
1176,0,0,-2.84e-05,1400.0,0,0,-2.84e-05,-0.02
1177,0,0,-2.8299999999999997e-05,1400.0,0,0,-2.8299999999999997e-05,-0.02
1178,0,0,-2.8200000000000008e-05,1400.0,0,0,-2.8200000000000008e-05,-0.02
1179,0,0,-2.8100000000000005e-05,1200.0,0,0,-2.8100000000000005e-05,-0.016
1180,0,0,-2.8000000000000003e-05,1400.0,0,0,-2.8000000000000003e-05,-0.016
1181,0,0,-2.79e-05,1200.0,0,0,-2.79e-05,-0.016
1182,0,0,-2.7799999999999998e-05,1200.0,0,0,-2.7799999999999998e-05,-0.016
1183,0,0,-2.770000000000001e-05,1200.0,0,0,-2.770000000000001e-05,-0.016
1184,0,0,-2.7600000000000007e-05,1200.0,0,0,-2.7600000000000007e-05,-0.016
1185,0,0,-2.7500000000000004e-05,1200.0,0,0,-2.7500000000000004e-05,-0.016
1186,0,0,-2.7400000000000002e-05,1400.0,0,0,-2.7400000000000002e-05,-0.012
1187,0,0,-2.73e-05,1200.0,0,0,-2.73e-05,-0.012
1188,0,0,-2.7199999999999997e-05,1200.0,0,0,-2.7199999999999997e-05,-0.012
1189,0,0,-2.7100000000000008e-05,1200.0,0,0,-2.7100000000000008e-05,-0.012
1190,0,0,-2.7000000000000006e-05,1200.0,0,0,-2.7000000000000006e-05,-0.012
1191,0,0,-2.6900000000000003e-05,1200.0,0,0,-2.6900000000000003e-05,-0.012
1192,0,0,-2.68e-05,1200.0,0,0,-2.68e-05,-0.012
1193,0,0,-2.67e-05,1200.0,0,0,-2.67e-05,-0.012
1194,0,0,-2.660000000000001e-05,1200.0,0,0,-2.660000000000001e-05,-0.008
1195,0,0,-2.6500000000000007e-05,1200.0,0,0,-2.6500000000000007e-05,-0.008
1196,0,0,-2.6400000000000005e-05,1400.0,0,0,-2.6400000000000005e-05,-0.008
1197,0,0,-2.6300000000000002e-05,1200.0,0,0,-2.6300000000000002e-05,-0.008
1198,0,0,-2.62e-05,1400.0,0,0,-2.62e-05,-0.008
1199,0,0,-2.6099999999999997e-05,1400.0,0,0,-2.6099999999999997e-05,-0.008
1200,0,0,-2.600000000000001e-05,1200.0,0,0,-2.600000000000001e-05,-0.008
1201,0,0,-2.5900000000000006e-05,1400.0,0,0,-2.5900000000000006e-05,-0.004
1202,0,0,-2.5800000000000004e-05,1400.0,0,0,-2.5800000000000004e-05,-0.004
1203,0,0,-2.57e-05,1400.0,0,0,-2.57e-05,-0.004
1204,0,0,-2.56e-05,1400.0,0,0,-2.56e-05,-0.004
1205,0,0,-2.550000000000001e-05,1400.0,0,0,-2.550000000000001e-05,-0.004
1206,0,0,-2.5400000000000008e-05,1400.0,0,0,-2.5400000000000008e-05,-0.004
1207,0,0,-2.5300000000000005e-05,1400.0,0,0,-2.5300000000000005e-05,-0.004
1208,0,0,-2.5200000000000003e-05,1400.0,0,0,-2.5200000000000003e-05,0.0
1209,0,0,-2.51e-05,1400.0,0,0,-2.51e-05,0.0
1210,0,0,-2.4999999999999998e-05,1400.0,0,0,-2.4999999999999998e-05,0.0
1211,0,0,-2.490000000000001e-05,1400.0,0,0,-2.490000000000001e-05,0.0
1212,0,0,-2.4800000000000007e-05,1400.0,0,0,-2.4800000000000007e-05,0.0
1213,0,0,-2.4700000000000004e-05,1400.0,0,0,-2.4700000000000004e-05,0.004
1214,0,0,-2.46e-05,1400.0,0,0,-2.46e-05,0.004
1215,0,0,-2.45e-05,1400.0,0,0,-2.45e-05,0.004
1216,0,0,-2.4399999999999997e-05,1400.0,0,0,-2.4399999999999997e-05,0.004
1217,0,0,-2.4300000000000008e-05,1400.0,0,0,-2.4300000000000008e-05,0.004
1218,0,0,-2.4200000000000005e-05,1400.0,0,0,-2.4200000000000005e-05,0.004
1219,0,0,-2.4100000000000003e-05,1400.0,0,0,-2.4100000000000003e-05,0.004
1220,0,0,-2.4e-05,1400.0,0,0,-2.4e-05,0.008
1221,0,0,-2.3900000000000012e-05,1400.0,0,0,-2.3900000000000012e-05,0.008
1222,0,0,-2.380000000000001e-05,1400.0,0,0,-2.380000000000001e-05,0.008
1223,0,0,-2.3700000000000007e-05,1400.0,0,0,-2.3700000000000007e-05,0.008
1224,0,0,-2.3600000000000004e-05,1400.0,0,0,-2.3600000000000004e-05,0.008
1225,0,0,-2.3500000000000002e-05,1400.0,0,0,-2.3500000000000002e-05,0.008
1226,0,0,-2.34e-05,1400.0,0,0,-2.34e-05,0.012
1227,0,0,-2.3299999999999997e-05,1400.0,0,0,-2.3299999999999997e-05,0.012
1228,0,0,-2.3199999999999995e-05,1400.0,0,0,-2.3199999999999995e-05,0.012
1229,0,0,-2.3099999999999992e-05,1400.0,0,0,-2.3099999999999992e-05,0.012
1230,0,0,-2.3000000000000017e-05,1400.0,0,0,-2.3000000000000017e-05,0.012
1231,0,0,-2.2900000000000015e-05,1400.0,0,0,-2.2900000000000015e-05,0.012
1232,0,0,-2.2800000000000012e-05,1400.0,0,0,-2.2800000000000012e-05,0.012
1233,0,0,-2.270000000000001e-05,1600.0,0,0,-2.270000000000001e-05,0.016
1234,0,0,-2.2600000000000007e-05,1600.0,0,0,-2.2600000000000007e-05,0.016
1235,0,0,-2.2500000000000005e-05,1600.0,0,0,-2.2500000000000005e-05,0.016
1236,0,0,-2.2400000000000002e-05,1600.0,0,0,-2.2400000000000002e-05,0.016
1237,0,0,-2.23e-05,1600.0,0,0,-2.23e-05,0.016
1238,0,0,-2.2199999999999998e-05,1600.0,0,0,-2.2199999999999998e-05,0.016
1239,0,0,-2.2099999999999995e-05,1600.0,0,0,-2.2099999999999995e-05,0.02
1240,0,0,-2.1999999999999993e-05,1600.0,0,0,-2.1999999999999993e-05,0.02
1241,0,0,-2.189999999999999e-05,1600.0,0,0,-2.189999999999999e-05,0.02
1242,0,0,-2.1800000000000015e-05,1600.0,0,0,-2.1800000000000015e-05,0.02
1243,0,0,-2.1700000000000012e-05,1600.0,0,0,-2.1700000000000012e-05,0.02
1244,0,0,-2.160000000000001e-05,1600.0,0,0,-2.160000000000001e-05,0.02
1245,0,0,-2.1500000000000008e-05,1600.0,0,0,-2.1500000000000008e-05,0.02
1246,0,0,-2.1400000000000005e-05,1600.0,0,0,-2.1400000000000005e-05,0.024
1247,0,0,-2.1300000000000003e-05,1600.0,0,0,-2.1300000000000003e-05,0.024
1248,0,0,-2.12e-05,1600.0,0,0,-2.12e-05,0.024
1249,0,0,-2.1099999999999998e-05,1800.0,0,0,-2.1099999999999998e-05,0.024
1250,0,0,-2.0999999999999995e-05,1800.0,0,0,-2.0999999999999995e-05,0.024
1251,0,0,-2.0899999999999993e-05,1800.0,0,0,-2.0899999999999993e-05,0.024
1252,0,0,-2.079999999999999e-05,1800.0,0,0,-2.079999999999999e-05,0.024
1253,0,0,-2.0700000000000015e-05,1800.0,0,0,-2.0700000000000015e-05,0.028
1254,0,0,-2.0600000000000013e-05,1800.0,0,0,-2.0600000000000013e-05,0.028
1255,0,0,-2.050000000000001e-05,1800.0,0,0,-2.050000000000001e-05,0.028
1256,0,0,-2.0400000000000008e-05,1800.0,0,0,-2.0400000000000008e-05,0.028
1257,0,0,-2.0300000000000006e-05,1800.0,0,0,-2.0300000000000006e-05,0.028
1258,0,0,-2.0200000000000003e-05,1800.0,0,0,-2.0200000000000003e-05,0.028
1259,0,0,-2.01e-05,1800.0,0,0,-2.01e-05,0.032
1260,0,0,-1.9999999999999998e-05,1800.0,0,0,-1.9999999999999998e-05,0.032
1261,0,0,-1.9899999999999996e-05,1800.0,0,0,-1.9899999999999996e-05,0.032
1262,0,0,-1.9799999999999993e-05,1800.0,0,0,-1.9799999999999993e-05,0.032
1263,0,0,-1.969999999999999e-05,1800.0,0,0,-1.969999999999999e-05,0.032
1264,0,0,-1.9600000000000016e-05,2000.0,0,0,-1.9600000000000016e-05,0.032
1265,0,0,-1.9500000000000013e-05,2000.0,0,0,-1.9500000000000013e-05,0.032
1266,0,0,-1.940000000000001e-05,2000.0,0,0,-1.940000000000001e-05,0.036000000000000004
1267,0,0,-1.930000000000001e-05,2000.0,0,0,-1.930000000000001e-05,0.036000000000000004
1268,0,0,-1.9200000000000006e-05,2000.0,0,0,-1.9200000000000006e-05,0.036000000000000004
1269,0,0,-1.9100000000000003e-05,2000.0,0,0,-1.9100000000000003e-05,0.036000000000000004
1270,0,0,-1.9e-05,2000.0,0,0,-1.9e-05,0.036000000000000004
1271,0,0,-1.89e-05,2000.0,0,0,-1.89e-05,0.036000000000000004
1272,0,0,-1.8799999999999996e-05,2000.0,0,0,-1.8799999999999996e-05,0.036000000000000004
1273,0,0,-1.8699999999999994e-05,2000.0,0,0,-1.8699999999999994e-05,0.04
1274,0,0,-1.859999999999999e-05,2000.0,0,0,-1.859999999999999e-05,0.04
1275,0,0,-1.8500000000000016e-05,2000.0,0,0,-1.8500000000000016e-05,0.04
1276,0,0,-1.8400000000000014e-05,2200.0,0,0,-1.8400000000000014e-05,0.04
1277,0,0,-1.830000000000001e-05,2200.0,0,0,-1.830000000000001e-05,0.04
1278,0,0,-1.820000000000001e-05,2200.0,0,0,-1.820000000000001e-05,0.04
1279,0,0,-1.8100000000000006e-05,2200.0,0,0,-1.8100000000000006e-05,0.044
1280,0,0,-1.8000000000000004e-05,2200.0,0,0,-1.8000000000000004e-05,0.044
1281,0,0,-1.79e-05,2200.0,0,0,-1.79e-05,0.044
1282,0,0,-1.78e-05,2200.0,0,0,-1.78e-05,0.044
1283,0,0,-1.7699999999999997e-05,2200.0,0,0,-1.7699999999999997e-05,0.044
1284,0,0,-1.7599999999999994e-05,2200.0,0,0,-1.7599999999999994e-05,0.044
1285,0,0,-1.749999999999999e-05,2400.0,0,0,-1.749999999999999e-05,0.044
1286,0,0,-1.7400000000000016e-05,2400.0,0,0,-1.7400000000000016e-05,0.048
1287,0,0,-1.7300000000000014e-05,2400.0,0,0,-1.7300000000000014e-05,0.048
1288,0,0,-1.720000000000001e-05,2400.0,0,0,-1.720000000000001e-05,0.048
1289,0,0,-1.710000000000001e-05,2400.0,0,0,-1.710000000000001e-05,0.048
1290,0,0,-1.7000000000000007e-05,2400.0,0,0,-1.7000000000000007e-05,0.048
1291,0,0,-1.6900000000000004e-05,2400.0,0,0,-1.6900000000000004e-05,0.048
1292,0,0,-1.6800000000000002e-05,2400.0,0,0,-1.6800000000000002e-05,0.048
1293,0,0,-1.67e-05,2400.0,0,0,-1.67e-05,0.052000000000000005
1294,0,0,-1.6599999999999997e-05,2600.0,0,0,-1.6599999999999997e-05,0.052000000000000005
1295,0,0,-1.6499999999999994e-05,2600.0,0,0,-1.6499999999999994e-05,0.052000000000000005
1296,0,0,-1.6399999999999992e-05,2600.0,0,0,-1.6399999999999992e-05,0.052000000000000005
1297,0,0,-1.6300000000000017e-05,2600.0,0,0,-1.6300000000000017e-05,0.052000000000000005
1298,0,0,-1.6200000000000014e-05,2600.0,0,0,-1.6200000000000014e-05,0.052000000000000005
1299,0,0,-1.6100000000000012e-05,2600.0,0,0,-1.6100000000000012e-05,0.056
1300,0,0,-1.600000000000001e-05,2600.0,0,0,-1.600000000000001e-05,0.056
1301,0,0,-1.5900000000000007e-05,2600.0,0,0,-1.5900000000000007e-05,0.056
1302,0,0,-1.5800000000000005e-05,2600.0,0,0,-1.5800000000000005e-05,0.056
1303,0,0,-1.5700000000000002e-05,2800.0,0,0,-1.5700000000000002e-05,0.056
1304,0,0,-1.56e-05,2800.0,0,0,-1.56e-05,0.056
1305,0,0,-1.5499999999999997e-05,2800.0,0,0,-1.5499999999999997e-05,0.056
1306,0,0,-1.5399999999999995e-05,2800.0,0,0,-1.5399999999999995e-05,0.06
1307,0,0,-1.5299999999999992e-05,2800.0,0,0,-1.5299999999999992e-05,0.06
1308,0,0,-1.5200000000000017e-05,2800.0,0,0,-1.5200000000000017e-05,0.06
1309,0,0,-1.5100000000000015e-05,2800.0,0,0,-1.5100000000000015e-05,0.06
1310,0,0,-1.5000000000000012e-05,2800.0,0,0,-1.5000000000000012e-05,0.06
1311,0,0,-1.490000000000001e-05,2800.0,0,0,-1.490000000000001e-05,0.06
1312,0,0,-1.4800000000000007e-05,3000.0,0,0,-1.4800000000000007e-05,0.06
1313,0,0,-1.4700000000000005e-05,3000.0,0,0,-1.4700000000000005e-05,0.06
1314,0,0,-1.4600000000000003e-05,3000.0,0,0,-1.4600000000000003e-05,0.064
1315,0,0,-1.45e-05,3000.0,0,0,-1.45e-05,0.064
1316,0,0,-1.4399999999999998e-05,3000.0,0,0,-1.4399999999999998e-05,0.064
1317,0,0,-1.4299999999999995e-05,3000.0,0,0,-1.4299999999999995e-05,0.064
1318,0,0,-1.4199999999999993e-05,3000.0,0,0,-1.4199999999999993e-05,0.064
1319,0,0,-1.4100000000000017e-05,3200.0,0,0,-1.4100000000000017e-05,0.064
1320,0,0,-1.4000000000000015e-05,3200.0,0,0,-1.4000000000000015e-05,0.064
1321,0,0,-1.3900000000000013e-05,3200.0,0,0,-1.3900000000000013e-05,0.068
1322,0,0,-1.380000000000001e-05,3200.0,0,0,-1.380000000000001e-05,0.068
1323,0,0,-1.3700000000000008e-05,3200.0,0,0,-1.3700000000000008e-05,0.068
1324,0,0,-1.3600000000000005e-05,3200.0,0,0,-1.3600000000000005e-05,0.068
1325,0,0,-1.3500000000000003e-05,3200.0,0,0,-1.3500000000000003e-05,0.068
1326,0,0,-1.34e-05,3200.0,0,0,-1.34e-05,0.068
1327,0,0,-1.3299999999999998e-05,3400.0,0,0,-1.3299999999999998e-05,0.068
1328,0,0,-1.3199999999999996e-05,3400.0,0,0,-1.3199999999999996e-05,0.068
1329,0,0,-1.3099999999999993e-05,3400.0,0,0,-1.3099999999999993e-05,0.07200000000000001
1330,0,0,-1.299999999999999e-05,3400.0,0,0,-1.299999999999999e-05,0.07200000000000001
1331,0,0,-1.2900000000000015e-05,3400.0,0,0,-1.2900000000000015e-05,0.07200000000000001
1332,0,0,-1.2800000000000013e-05,3400.0,0,0,-1.2800000000000013e-05,0.07200000000000001
1333,0,0,-1.270000000000001e-05,3600.0,0,0,-1.270000000000001e-05,0.07200000000000001
1334,0,0,-1.2600000000000008e-05,3600.0,0,0,-1.2600000000000008e-05,0.07200000000000001
1335,0,0,-1.2500000000000006e-05,3600.0,0,0,-1.2500000000000006e-05,0.07200000000000001
1336,0,0,-1.2400000000000003e-05,3600.0,0,0,-1.2400000000000003e-05,0.07200000000000001
1337,0,0,-1.23e-05,3600.0,0,0,-1.23e-05,0.076
1338,0,0,-1.2199999999999998e-05,3600.0,0,0,-1.2199999999999998e-05,0.076
1339,0,0,-1.2099999999999996e-05,3600.0,0,0,-1.2099999999999996e-05,0.076
1340,0,0,-1.1999999999999994e-05,3800.0,0,0,-1.1999999999999994e-05,0.076
1341,0,0,-1.1899999999999991e-05,3800.0,0,0,-1.1899999999999991e-05,0.076
1342,0,0,-1.1800000000000016e-05,3800.0,0,0,-1.1800000000000016e-05,0.076
1343,0,0,-1.1700000000000013e-05,3800.0,0,0,-1.1700000000000013e-05,0.076
1344,0,0,-1.1600000000000011e-05,3800.0,0,0,-1.1600000000000011e-05,0.076
1345,0,0,-1.1500000000000008e-05,3800.0,0,0,-1.1500000000000008e-05,0.08
1346,0,0,-1.1400000000000006e-05,3800.0,0,0,-1.1400000000000006e-05,0.08
1347,0,0,-1.1300000000000004e-05,4000.0,0,0,-1.1300000000000004e-05,0.08
1348,0,0,-1.1200000000000001e-05,4000.0,0,0,-1.1200000000000001e-05,0.08
1349,0,0,-1.1099999999999999e-05,4000.0,0,0,-1.1099999999999999e-05,0.08
1350,0,0,-1.0999999999999996e-05,4000.0,0,0,-1.0999999999999996e-05,0.08
1351,0,0,-1.0899999999999994e-05,4000.0,0,0,-1.0899999999999994e-05,0.08
1352,0,0,-1.0799999999999991e-05,4200.0,0,0,-1.0799999999999991e-05,0.08
1353,0,0,-1.0700000000000016e-05,4200.0,0,0,-1.0700000000000016e-05,0.084
1354,0,0,-1.0600000000000014e-05,4200.0,0,0,-1.0600000000000014e-05,0.084
1355,0,0,-1.0500000000000011e-05,4200.0,0,0,-1.0500000000000011e-05,0.084
1356,0,0,-1.0400000000000009e-05,4200.0,0,0,-1.0400000000000009e-05,0.084
1357,0,0,-1.0300000000000006e-05,4200.0,0,0,-1.0300000000000006e-05,0.084
1358,0,0,-1.0200000000000004e-05,4200.0,0,0,-1.0200000000000004e-05,0.084
1359,0,0,-1.0100000000000002e-05,4200.0,0,0,-1.0100000000000002e-05,0.084
1360,0,0,-9.999999999999999e-06,4400.0,0,0,-9.999999999999999e-06,0.084
1361,0,0,-9.899999999999997e-06,4400.0,0,0,-9.899999999999997e-06,0.084
1362,0,0,-9.799999999999994e-06,4400.0,0,0,-9.799999999999994e-06,0.088
1363,0,0,-9.699999999999992e-06,4400.0,0,0,-9.699999999999992e-06,0.088
1364,0,0,-9.600000000000017e-06,4400.0,0,0,-9.600000000000017e-06,0.088
1365,0,0,-9.500000000000014e-06,4600.0,0,0,-9.500000000000014e-06,0.088
1366,0,0,-9.400000000000012e-06,4600.0,0,0,-9.400000000000012e-06,0.088
1367,0,0,-9.30000000000001e-06,4600.0,0,0,-9.30000000000001e-06,0.088
1368,0,0,-9.200000000000007e-06,4600.0,0,0,-9.200000000000007e-06,0.088
1369,0,0,-9.100000000000004e-06,4600.0,0,0,-9.100000000000004e-06,0.088
1370,0,0,-9.000000000000002e-06,4600.0,0,0,-9.000000000000002e-06,0.092
1371,0,0,-8.9e-06,4800.0,0,0,-8.9e-06,0.092
1372,0,0,-8.799999999999997e-06,4800.0,0,0,-8.799999999999997e-06,0.092
1373,0,0,-8.699999999999995e-06,4800.0,0,0,-8.699999999999995e-06,0.092
1374,0,0,-8.599999999999992e-06,4800.0,0,0,-8.599999999999992e-06,0.092
1375,0,0,-8.500000000000017e-06,4800.0,0,0,-8.500000000000017e-06,0.092
1376,0,0,-8.400000000000014e-06,5000.0,0,0,-8.400000000000014e-06,0.092
1377,0,0,-8.300000000000012e-06,5000.0,0,0,-8.300000000000012e-06,0.092
1378,0,0,-8.20000000000001e-06,5000.0,0,0,-8.20000000000001e-06,0.092
1379,0,0,-8.100000000000007e-06,5000.0,0,0,-8.100000000000007e-06,0.092
1380,0,0,-8.000000000000005e-06,5000.0,0,0,-8.000000000000005e-06,0.096
1381,0,0,-7.900000000000002e-06,5000.0,0,0,-7.900000000000002e-06,0.096
1382,0,0,-7.8e-06,5200.0,0,0,-7.8e-06,0.096
1383,0,0,-7.699999999999997e-06,5200.0,0,0,-7.699999999999997e-06,0.096
1384,0,0,-7.599999999999995e-06,5200.0,0,0,-7.599999999999995e-06,0.096
1385,0,0,-7.4999999999999926e-06,5200.0,0,0,-7.4999999999999926e-06,0.096
1386,0,0,-7.400000000000017e-06,5200.0,0,0,-7.400000000000017e-06,0.096
1387,0,0,-7.300000000000015e-06,5200.0,0,0,-7.300000000000015e-06,0.096
1388,0,0,-7.200000000000012e-06,5400.0,0,0,-7.200000000000012e-06,0.096
1389,0,0,-7.10000000000001e-06,5400.0,0,0,-7.10000000000001e-06,0.096
1390,0,0,-7.0000000000000075e-06,5400.0,0,0,-7.0000000000000075e-06,0.096
1391,0,0,-6.900000000000005e-06,5400.0,0,0,-6.900000000000005e-06,0.1
1392,0,0,-6.800000000000003e-06,5400.0,0,0,-6.800000000000003e-06,0.1
1393,0,0,-6.7e-06,5600.0,0,0,-6.7e-06,0.1
1394,0,0,-6.599999999999998e-06,5600.0,0,0,-6.599999999999998e-06,0.1
1395,0,0,-6.499999999999995e-06,5600.0,0,0,-6.499999999999995e-06,0.1
1396,0,0,-6.399999999999993e-06,5600.0,0,0,-6.399999999999993e-06,0.1
1397,0,0,-6.300000000000018e-06,5600.0,0,0,-6.300000000000018e-06,0.1
1398,0,0,-6.200000000000015e-06,5800.0,0,0,-6.200000000000015e-06,0.1
1399,0,0,-6.100000000000013e-06,5800.0,0,0,-6.100000000000013e-06,0.1
1400,0,0,-6.00000000000001e-06,5800.0,0,0,-6.00000000000001e-06,0.1
1401,0,0,-5.900000000000008e-06,5800.0,0,0,-5.900000000000008e-06,0.10400000000000001
1402,0,0,-5.8000000000000055e-06,5800.0,0,0,-5.8000000000000055e-06,0.10400000000000001
1403,0,0,-5.700000000000003e-06,6000.0,0,0,-5.700000000000003e-06,0.10400000000000001
1404,0,0,-5.600000000000001e-06,6000.0,0,0,-5.600000000000001e-06,0.10400000000000001
1405,0,0,-5.499999999999998e-06,6000.0,0,0,-5.499999999999998e-06,0.10400000000000001
1406,0,0,-5.399999999999996e-06,6000.0,0,0,-5.399999999999996e-06,0.10400000000000001
1407,0,0,-5.299999999999993e-06,6000.0,0,0,-5.299999999999993e-06,0.10400000000000001
1408,0,0,-5.199999999999991e-06,6200.0,0,0,-5.199999999999991e-06,0.10400000000000001
1409,0,0,-5.1000000000000155e-06,6200.0,0,0,-5.1000000000000155e-06,0.10400000000000001
1410,0,0,-5.000000000000013e-06,6200.0,0,0,-5.000000000000013e-06,0.10400000000000001
1411,0,0,-4.900000000000011e-06,6200.0,0,0,-4.900000000000011e-06,0.10400000000000001
1412,0,0,-4.800000000000008e-06,6200.0,0,0,-4.800000000000008e-06,0.108
1413,0,0,-4.700000000000006e-06,6400.0,0,0,-4.700000000000006e-06,0.108
1414,0,0,-4.600000000000003e-06,6400.0,0,0,-4.600000000000003e-06,0.108
1415,0,0,-4.500000000000001e-06,6400.0,0,0,-4.500000000000001e-06,0.108
1416,0,0,-4.3999999999999985e-06,6400.0,0,0,-4.3999999999999985e-06,0.108
1417,0,0,-4.299999999999996e-06,6400.0,0,0,-4.299999999999996e-06,0.108
1418,0,0,-4.199999999999994e-06,6600.0,0,0,-4.199999999999994e-06,0.108
1419,0,0,-4.099999999999991e-06,6600.0,0,0,-4.099999999999991e-06,0.108
1420,0,0,-4.000000000000016e-06,6600.0,0,0,-4.000000000000016e-06,0.108
1421,0,0,-3.9000000000000135e-06,6600.0,0,0,-3.9000000000000135e-06,0.108
1422,0,0,-3.800000000000011e-06,6600.0,0,0,-3.800000000000011e-06,0.108
1423,0,0,-3.7000000000000086e-06,6800.0,0,0,-3.7000000000000086e-06,0.108
1424,0,0,-3.600000000000006e-06,6800.0,0,0,-3.600000000000006e-06,0.108
1425,0,0,-3.5000000000000038e-06,6800.0,0,0,-3.5000000000000038e-06,0.112
1426,0,0,-3.4000000000000013e-06,6800.0,0,0,-3.4000000000000013e-06,0.112
1427,0,0,-3.299999999999999e-06,6800.0,0,0,-3.299999999999999e-06,0.112
1428,0,0,-3.1999999999999965e-06,7000.0,0,0,-3.1999999999999965e-06,0.112
1429,0,0,-3.099999999999994e-06,7000.0,0,0,-3.099999999999994e-06,0.112
1430,0,0,-2.9999999999999916e-06,7000.0,0,0,-2.9999999999999916e-06,0.112
1431,0,0,-2.9000000000000163e-06,7000.0,0,0,-2.9000000000000163e-06,0.112
1432,0,0,-2.800000000000014e-06,7000.0,0,0,-2.800000000000014e-06,0.112
1433,0,0,-2.7000000000000114e-06,7200.0,0,0,-2.7000000000000114e-06,0.112
1434,0,0,-2.600000000000009e-06,7200.0,0,0,-2.600000000000009e-06,0.112
1435,0,0,-2.5000000000000066e-06,7200.0,0,0,-2.5000000000000066e-06,0.112
1436,0,0,-2.400000000000004e-06,7200.0,0,0,-2.400000000000004e-06,0.112
1437,0,0,-2.3000000000000017e-06,7200.0,0,0,-2.3000000000000017e-06,0.112
1438,0,0,-2.1999999999999993e-06,7400.0,0,0,-2.1999999999999993e-06,0.112
1439,0,0,-2.099999999999997e-06,7400.0,0,0,-2.099999999999997e-06,0.116
1440,0,0,-1.9999999999999944e-06,7400.0,0,0,-1.9999999999999944e-06,0.116
1441,0,0,-1.899999999999992e-06,7400.0,0,0,-1.899999999999992e-06,0.116
1442,0,0,-1.8000000000000166e-06,7600.0,0,0,-1.8000000000000166e-06,0.116
1443,0,0,-1.7000000000000142e-06,7600.0,0,0,-1.7000000000000142e-06,0.116
1444,0,0,-1.6000000000000118e-06,7600.0,0,0,-1.6000000000000118e-06,0.116
1445,0,0,-1.5000000000000094e-06,7600.0,0,0,-1.5000000000000094e-06,0.116
1446,0,0,-1.400000000000007e-06,7600.0,0,0,-1.400000000000007e-06,0.116
1447,0,0,-1.3000000000000045e-06,7800.0,0,0,-1.3000000000000045e-06,0.116
1448,0,0,-1.200000000000002e-06,7800.0,0,0,-1.200000000000002e-06,0.116
1449,0,0,-1.0999999999999996e-06,7800.0,0,0,-1.0999999999999996e-06,0.116
1450,0,0,-9.999999999999972e-07,7800.0,0,0,-9.999999999999972e-07,0.116
1451,0,0,-8.999999999999948e-07,7800.0,0,0,-8.999999999999948e-07,0.116
1452,0,0,-7.999999999999923e-07,8000.0,0,0,-7.999999999999923e-07,0.116
1453,0,0,-7.00000000000017e-07,8000.0,0,0,-7.00000000000017e-07,0.116
1454,0,0,-6.000000000000146e-07,8000.0,0,0,-6.000000000000146e-07,0.116
1455,0,0,-5.000000000000122e-07,8000.0,0,0,-5.000000000000122e-07,0.12
1456,0,0,-4.000000000000097e-07,8000.0,0,0,-4.000000000000097e-07,0.116
1457,0,0,-3.000000000000073e-07,8200.0,0,0,-3.000000000000073e-07,0.12
1458,0,0,-2.0000000000000486e-07,8200.0,0,0,-2.0000000000000486e-07,0.12
1459,0,0,-1.0000000000000243e-07,8200.0,0,0,-1.0000000000000243e-07,0.12
1460,0,0,0.0,8200.0,0,0,0.0,0.12
1461,0,0,1.0000000000000243e-07,8400.0,0,0,1.0000000000000243e-07,0.12
1462,0,0,2.0000000000000486e-07,8400.0,0,0,2.0000000000000486e-07,0.12
1463,0,0,3.000000000000073e-07,8400.0,0,0,3.000000000000073e-07,0.12
1464,0,0,3.999999999999826e-07,8400.0,0,0,3.999999999999826e-07,0.12
1465,0,0,4.99999999999985e-07,8400.0,0,0,4.99999999999985e-07,0.12
1466,0,0,5.999999999999875e-07,8600.0,0,0,5.999999999999875e-07,0.12
1467,0,0,6.999999999999899e-07,8600.0,0,0,6.999999999999899e-07,0.12
1468,0,0,7.999999999999923e-07,8600.0,0,0,7.999999999999923e-07,0.12
1469,0,0,8.999999999999948e-07,8600.0,0,0,8.999999999999948e-07,0.12
1470,0,0,9.999999999999972e-07,8800.0,0,0,9.999999999999972e-07,0.12
1471,0,0,1.0999999999999996e-06,8800.0,0,0,1.0999999999999996e-06,0.12
1472,0,0,1.200000000000002e-06,8800.0,0,0,1.200000000000002e-06,0.12
1473,0,0,1.3000000000000045e-06,8800.0,0,0,1.3000000000000045e-06,0.12
1474,0,0,1.400000000000007e-06,8800.0,0,0,1.400000000000007e-06,0.12
1475,0,0,1.4999999999999823e-06,9000.0,0,0,1.4999999999999823e-06,0.124
1476,0,0,1.5999999999999847e-06,9000.0,0,0,1.5999999999999847e-06,0.12
1477,0,0,1.6999999999999871e-06,9000.0,0,0,1.6999999999999871e-06,0.12
1478,0,0,1.7999999999999895e-06,9000.0,0,0,1.7999999999999895e-06,0.124
1479,0,0,1.899999999999992e-06,9200.0,0,0,1.899999999999992e-06,0.124
1480,0,0,1.9999999999999944e-06,9200.0,0,0,1.9999999999999944e-06,0.124
1481,0,0,2.099999999999997e-06,9200.0,0,0,2.099999999999997e-06,0.124
1482,0,0,2.1999999999999993e-06,9200.0,0,0,2.1999999999999993e-06,0.124
1483,0,0,2.3000000000000017e-06,9200.0,0,0,2.3000000000000017e-06,0.124
1484,0,0,2.400000000000004e-06,9400.0,0,0,2.400000000000004e-06,0.124
1485,0,0,2.5000000000000066e-06,9400.0,0,0,2.5000000000000066e-06,0.124
1486,0,0,2.599999999999982e-06,9400.0,0,0,2.599999999999982e-06,0.124
1487,0,0,2.6999999999999843e-06,9400.0,0,0,2.6999999999999843e-06,0.124
1488,0,0,2.7999999999999867e-06,9400.0,0,0,2.7999999999999867e-06,0.124
1489,0,0,2.899999999999989e-06,9600.0,0,0,2.899999999999989e-06,0.124
1490,0,0,2.9999999999999916e-06,9600.0,0,0,2.9999999999999916e-06,0.124
1491,0,0,3.099999999999994e-06,9600.0,0,0,3.099999999999994e-06,0.124
1492,0,0,3.1999999999999965e-06,9600.0,0,0,3.1999999999999965e-06,0.124
1493,0,0,3.299999999999999e-06,9800.0,0,0,3.299999999999999e-06,0.124
1494,0,0,3.4000000000000013e-06,9800.0,0,0,3.4000000000000013e-06,0.124
1495,0,0,3.5000000000000038e-06,9800.0,0,0,3.5000000000000038e-06,0.124
1496,0,0,3.600000000000006e-06,9800.0,0,0,3.600000000000006e-06,0.124
1497,0,0,3.7000000000000086e-06,9800.0,0,0,3.7000000000000086e-06,0.124
1498,0,0,3.799999999999984e-06,10000.0,0,0,3.799999999999984e-06,0.124
1499,0,0,3.899999999999986e-06,10000.0,0,0,3.899999999999986e-06,0.124
1500,0,0,3.999999999999989e-06,10000.0,0,0,3.999999999999989e-06,0.124
1501,0,0,4.099999999999991e-06,10000.0,0,0,4.099999999999991e-06,0.124
1502,0,0,4.199999999999994e-06,10000.0,0,0,4.199999999999994e-06,0.124
1503,0,0,4.299999999999996e-06,10200.0,0,0,4.299999999999996e-06,0.124
1504,0,0,4.3999999999999985e-06,10200.0,0,0,4.3999999999999985e-06,0.124
1505,0,0,4.500000000000001e-06,10200.0,0,0,4.500000000000001e-06,0.124
1506,0,0,4.600000000000003e-06,10200.0,0,0,4.600000000000003e-06,0.124
1507,0,0,4.700000000000006e-06,10400.0,0,0,4.700000000000006e-06,0.124
1508,0,0,4.800000000000008e-06,10400.0,0,0,4.800000000000008e-06,0.124
1509,0,0,4.899999999999984e-06,10400.0,0,0,4.899999999999984e-06,0.124
1510,0,0,4.999999999999986e-06,10400.0,0,0,4.999999999999986e-06,0.124
1511,0,0,5.0999999999999884e-06,10600.0,0,0,5.0999999999999884e-06,0.124
1512,0,0,5.199999999999991e-06,10600.0,0,0,5.199999999999991e-06,0.124
1513,0,0,5.299999999999993e-06,10600.0,0,0,5.299999999999993e-06,0.124
1514,0,0,5.399999999999996e-06,10600.0,0,0,5.399999999999996e-06,0.124
1515,0,0,5.499999999999998e-06,10600.0,0,0,5.499999999999998e-06,0.124
1516,0,0,5.600000000000001e-06,10800.0,0,0,5.600000000000001e-06,0.124
1517,0,0,5.700000000000003e-06,10800.0,0,0,5.700000000000003e-06,0.124
1518,0,0,5.8000000000000055e-06,10800.0,0,0,5.8000000000000055e-06,0.124
1519,0,0,5.900000000000008e-06,10800.0,0,0,5.900000000000008e-06,0.124
1520,0,0,5.999999999999983e-06,10800.0,0,0,5.999999999999983e-06,0.124
1521,0,0,6.099999999999986e-06,11000.0,0,0,6.099999999999986e-06,0.124
1522,0,0,6.199999999999988e-06,11000.0,0,0,6.199999999999988e-06,0.124
1523,0,0,6.2999999999999905e-06,11000.0,0,0,6.2999999999999905e-06,0.124
1524,0,0,6.399999999999993e-06,11000.0,0,0,6.399999999999993e-06,0.124
1525,0,0,6.499999999999995e-06,11000.0,0,0,6.499999999999995e-06,0.124
1526,0,0,6.599999999999998e-06,11200.0,0,0,6.599999999999998e-06,0.124
1527,0,0,6.7e-06,11200.0,0,0,6.7e-06,0.124
1528,0,0,6.800000000000003e-06,11200.0,0,0,6.800000000000003e-06,0.124
1529,0,0,6.900000000000005e-06,11200.0,0,0,6.900000000000005e-06,0.124
1530,0,0,7.0000000000000075e-06,11400.0,0,0,7.0000000000000075e-06,0.124
1531,0,0,7.099999999999983e-06,11400.0,0,0,7.099999999999983e-06,0.124
1532,0,0,7.199999999999985e-06,11400.0,0,0,7.199999999999985e-06,0.124
1533,0,0,7.299999999999988e-06,11400.0,0,0,7.299999999999988e-06,0.124
1534,0,0,7.39999999999999e-06,11400.0,0,0,7.39999999999999e-06,0.124
1535,0,0,7.4999999999999926e-06,11600.0,0,0,7.4999999999999926e-06,0.124
1536,0,0,7.599999999999995e-06,11600.0,0,0,7.599999999999995e-06,0.124
1537,0,0,7.699999999999997e-06,11600.0,0,0,7.699999999999997e-06,0.124
1538,0,0,7.8e-06,11600.0,0,0,7.8e-06,0.124
1539,0,0,7.900000000000002e-06,11600.0,0,0,7.900000000000002e-06,0.124
1540,0,0,8.000000000000005e-06,11800.0,0,0,8.000000000000005e-06,0.124
1541,0,0,8.100000000000007e-06,11800.0,0,0,8.100000000000007e-06,0.124
1542,0,0,8.199999999999982e-06,11800.0,0,0,8.199999999999982e-06,0.124
1543,0,0,8.299999999999985e-06,11800.0,0,0,8.299999999999985e-06,0.124
1544,0,0,8.399999999999987e-06,12000.0,0,0,8.399999999999987e-06,0.124
1545,0,0,8.49999999999999e-06,12000.0,0,0,8.49999999999999e-06,0.124
1546,0,0,8.599999999999992e-06,12000.0,0,0,8.599999999999992e-06,0.124
1547,0,0,8.699999999999995e-06,12000.0,0,0,8.699999999999995e-06,0.124
1548,0,0,8.799999999999997e-06,12000.0,0,0,8.799999999999997e-06,0.124
1549,0,0,8.9e-06,12200.0,0,0,8.9e-06,0.124
1550,0,0,9.000000000000002e-06,12200.0,0,0,9.000000000000002e-06,0.124
1551,0,0,9.100000000000004e-06,12200.0,0,0,9.100000000000004e-06,0.124
1552,0,0,9.200000000000007e-06,12200.0,0,0,9.200000000000007e-06,0.124
1553,0,0,9.299999999999982e-06,12400.0,0,0,9.299999999999982e-06,0.124
1554,0,0,9.399999999999985e-06,12400.0,0,0,9.399999999999985e-06,0.124
1555,0,0,9.499999999999987e-06,12400.0,0,0,9.499999999999987e-06,0.124
1556,0,0,9.59999999999999e-06,12400.0,0,0,9.59999999999999e-06,0.124
1557,0,0,9.699999999999992e-06,12400.0,0,0,9.699999999999992e-06,0.124
1558,0,0,9.799999999999994e-06,12400.0,0,0,9.799999999999994e-06,0.124
1559,0,0,9.899999999999997e-06,12600.0,0,0,9.899999999999997e-06,0.124
1560,0,0,9.999999999999999e-06,12600.0,0,0,9.999999999999999e-06,0.124
1561,0,0,1.0100000000000002e-05,12600.0,0,0,1.0100000000000002e-05,0.124
1562,0,0,1.0200000000000004e-05,12600.0,0,0,1.0200000000000004e-05,0.124
1563,0,0,1.0300000000000006e-05,12800.0,0,0,1.0300000000000006e-05,0.124
1564,0,0,1.0399999999999982e-05,12800.0,0,0,1.0399999999999982e-05,0.124
1565,0,0,1.0499999999999984e-05,12800.0,0,0,1.0499999999999984e-05,0.124
1566,0,0,1.0599999999999987e-05,12800.0,0,0,1.0599999999999987e-05,0.124
1567,0,0,1.0699999999999989e-05,12800.0,0,0,1.0699999999999989e-05,0.124
1568,0,0,1.0799999999999991e-05,13000.0,0,0,1.0799999999999991e-05,0.124
1569,0,0,1.0899999999999994e-05,13000.0,0,0,1.0899999999999994e-05,0.124
1570,0,0,1.0999999999999996e-05,13000.0,0,0,1.0999999999999996e-05,0.12
1571,0,0,1.1099999999999999e-05,13000.0,0,0,1.1099999999999999e-05,0.12
1572,0,0,1.1200000000000001e-05,13000.0,0,0,1.1200000000000001e-05,0.124
1573,0,0,1.1300000000000004e-05,13200.0,0,0,1.1300000000000004e-05,0.124
1574,0,0,1.1400000000000006e-05,13200.0,0,0,1.1400000000000006e-05,0.12
1575,0,0,1.1499999999999981e-05,13200.0,0,0,1.1499999999999981e-05,0.12
1576,0,0,1.1599999999999984e-05,13200.0,0,0,1.1599999999999984e-05,0.12
1577,0,0,1.1699999999999986e-05,13200.0,0,0,1.1699999999999986e-05,0.12
1578,0,0,1.1799999999999989e-05,13400.0,0,0,1.1799999999999989e-05,0.12
1579,0,0,1.1899999999999991e-05,13400.0,0,0,1.1899999999999991e-05,0.12
1580,0,0,1.1999999999999994e-05,13400.0,0,0,1.1999999999999994e-05,0.12
1581,0,0,1.2099999999999996e-05,13400.0,0,0,1.2099999999999996e-05,0.12
1582,0,0,1.2199999999999998e-05,13400.0,0,0,1.2199999999999998e-05,0.12
1583,0,0,1.23e-05,13600.0,0,0,1.23e-05,0.12
1584,0,0,1.2400000000000003e-05,13600.0,0,0,1.2400000000000003e-05,0.12
1585,0,0,1.2500000000000006e-05,13600.0,0,0,1.2500000000000006e-05,0.12
1586,0,0,1.2600000000000008e-05,13600.0,0,0,1.2600000000000008e-05,0.12
1587,0,0,1.2699999999999983e-05,13600.0,0,0,1.2699999999999983e-05,0.12
1588,0,0,1.2799999999999986e-05,13800.0,0,0,1.2799999999999986e-05,0.12
1589,0,0,1.2899999999999988e-05,13800.0,0,0,1.2899999999999988e-05,0.12
1590,0,0,1.299999999999999e-05,13800.0,0,0,1.299999999999999e-05,0.12
1591,0,0,1.3099999999999993e-05,13800.0,0,0,1.3099999999999993e-05,0.12
1592,0,0,1.3199999999999996e-05,13800.0,0,0,1.3199999999999996e-05,0.116
1593,0,0,1.3299999999999998e-05,14000.0,0,0,1.3299999999999998e-05,0.12
1594,0,0,1.34e-05,14000.0,0,0,1.34e-05,0.12
1595,0,0,1.3500000000000003e-05,14000.0,0,0,1.3500000000000003e-05,0.12
1596,0,0,1.3600000000000005e-05,14000.0,0,0,1.3600000000000005e-05,0.12
1597,0,0,1.3700000000000008e-05,14000.0,0,0,1.3700000000000008e-05,0.12
1598,0,0,1.3799999999999983e-05,14000.0,0,0,1.3799999999999983e-05,0.116
1599,0,0,1.3899999999999986e-05,14200.0,0,0,1.3899999999999986e-05,0.124
1600,0,0,1.3999999999999988e-05,14200.0,0,0,1.3999999999999988e-05,0.12
1601,0,0,1.409999999999999e-05,14200.0,0,0,1.409999999999999e-05,0.116
1602,0,0,1.4199999999999993e-05,14200.0,0,0,1.4199999999999993e-05,0.12
1603,0,0,1.4299999999999995e-05,14200.0,0,0,1.4299999999999995e-05,0.12
1604,0,0,1.4399999999999998e-05,14200.0,0,0,1.4399999999999998e-05,0.116
1605,0,0,1.45e-05,14400.0,0,0,1.45e-05,0.12
1606,0,0,1.4600000000000003e-05,14400.0,0,0,1.4600000000000003e-05,0.112
1607,0,0,1.4700000000000005e-05,14400.0,0,0,1.4700000000000005e-05,0.12
1608,0,0,1.4800000000000007e-05,14400.0,0,0,1.4800000000000007e-05,0.116
1609,0,0,1.4899999999999983e-05,14600.0,0,0,1.4899999999999983e-05,0.116
1610,0,0,1.4999999999999985e-05,14600.0,0,0,1.4999999999999985e-05,0.116
1611,0,0,1.5099999999999988e-05,14600.0,0,0,1.5099999999999988e-05,0.116
1612,0,0,1.519999999999999e-05,14600.0,0,0,1.519999999999999e-05,0.112
1613,0,0,1.5299999999999992e-05,14600.0,0,0,1.5299999999999992e-05,0.116
1614,0,0,1.5399999999999995e-05,14600.0,0,0,1.5399999999999995e-05,0.116
1615,0,0,1.5499999999999997e-05,14800.0,0,0,1.5499999999999997e-05,0.116
1616,0,0,1.56e-05,14800.0,0,0,1.56e-05,0.112
1617,0,0,1.5700000000000002e-05,14800.0,0,0,1.5700000000000002e-05,0.112
1618,0,0,1.5800000000000005e-05,14800.0,0,0,1.5800000000000005e-05,0.112
1619,0,0,1.5900000000000007e-05,14800.0,0,0,1.5900000000000007e-05,0.112
1620,0,0,1.5999999999999982e-05,14800.0,0,0,1.5999999999999982e-05,0.116
1621,0,0,1.6099999999999985e-05,15000.0,0,0,1.6099999999999985e-05,0.112
1622,0,0,1.6199999999999987e-05,15000.0,0,0,1.6199999999999987e-05,0.116
1623,0,0,1.629999999999999e-05,15000.0,0,0,1.629999999999999e-05,0.112
1624,0,0,1.6399999999999992e-05,15000.0,0,0,1.6399999999999992e-05,0.108
1625,0,0,1.6499999999999994e-05,15000.0,0,0,1.6499999999999994e-05,0.116
1626,0,0,1.6599999999999997e-05,15000.0,0,0,1.6599999999999997e-05,0.112
1627,0,0,1.67e-05,15200.0,0,0,1.67e-05,0.116
1628,0,0,1.6800000000000002e-05,15200.0,0,0,1.6800000000000002e-05,0.116
1629,0,0,1.6900000000000004e-05,15200.0,0,0,1.6900000000000004e-05,0.116
1630,0,0,1.7000000000000007e-05,15200.0,0,0,1.7000000000000007e-05,0.112
1631,0,0,1.7099999999999982e-05,15200.0,0,0,1.7099999999999982e-05,0.112
1632,0,0,1.7199999999999984e-05,15400.0,0,0,1.7199999999999984e-05,0.112
1633,0,0,1.7299999999999987e-05,15400.0,0,0,1.7299999999999987e-05,0.116
1634,0,0,1.739999999999999e-05,15400.0,0,0,1.739999999999999e-05,0.112
1635,0,0,1.749999999999999e-05,15400.0,0,0,1.749999999999999e-05,0.112
1636,0,0,1.7599999999999994e-05,15400.0,0,0,1.7599999999999994e-05,0.112
1637,0,0,1.7699999999999997e-05,15400.0,0,0,1.7699999999999997e-05,0.112
1638,0,0,1.78e-05,15400.0,0,0,1.78e-05,0.112
1639,0,0,1.79e-05,15600.0,0,0,1.79e-05,0.112
1640,0,0,1.8000000000000004e-05,15600.0,0,0,1.8000000000000004e-05,0.112
1641,0,0,1.8100000000000006e-05,15600.0,0,0,1.8100000000000006e-05,0.116
1642,0,0,1.819999999999998e-05,15600.0,0,0,1.819999999999998e-05,0.116
1643,0,0,1.8299999999999984e-05,15600.0,0,0,1.8299999999999984e-05,0.112
1644,0,0,1.8399999999999986e-05,15600.0,0,0,1.8399999999999986e-05,0.116
1645,0,0,1.849999999999999e-05,15800.0,0,0,1.849999999999999e-05,0.112
1646,0,0,1.859999999999999e-05,15800.0,0,0,1.859999999999999e-05,0.112
1647,0,0,1.8699999999999994e-05,15800.0,0,0,1.8699999999999994e-05,0.112
1648,0,0,1.8799999999999996e-05,15800.0,0,0,1.8799999999999996e-05,0.116
1649,0,0,1.89e-05,15800.0,0,0,1.89e-05,0.116
1650,0,0,1.9e-05,15800.0,0,0,1.9e-05,0.112
1651,0,0,1.9100000000000003e-05,15800.0,0,0,1.9100000000000003e-05,0.116
1652,0,0,1.9200000000000006e-05,16000.0,0,0,1.9200000000000006e-05,0.116
1653,0,0,1.929999999999998e-05,16000.0,0,0,1.929999999999998e-05,0.112
1654,0,0,1.9399999999999984e-05,16000.0,0,0,1.9399999999999984e-05,0.112
1655,0,0,1.9499999999999986e-05,16000.0,0,0,1.9499999999999986e-05,0.108
1656,0,0,1.959999999999999e-05,16000.0,0,0,1.959999999999999e-05,0.112
1657,0,0,1.969999999999999e-05,16000.0,0,0,1.969999999999999e-05,0.10400000000000001
1658,0,0,1.9799999999999993e-05,16200.0,0,0,1.9799999999999993e-05,0.112
1659,0,0,1.9899999999999996e-05,16200.0,0,0,1.9899999999999996e-05,0.108
1660,0,0,1.9999999999999998e-05,16200.0,0,0,1.9999999999999998e-05,0.108
1661,0,0,2.01e-05,16200.0,0,0,2.01e-05,0.10400000000000001
1662,0,0,2.0200000000000003e-05,16200.0,0,0,2.0200000000000003e-05,0.1
1663,0,0,2.0300000000000006e-05,16200.0,0,0,2.0300000000000006e-05,0.108
1664,0,0,2.039999999999998e-05,16200.0,0,0,2.039999999999998e-05,0.108
1665,0,0,2.0499999999999983e-05,16200.0,0,0,2.0499999999999983e-05,0.10400000000000001
1666,0,0,2.0599999999999986e-05,16400.0,0,0,2.0599999999999986e-05,0.1
1667,0,0,2.0699999999999988e-05,16400.0,0,0,2.0699999999999988e-05,0.10400000000000001
1668,0,0,2.079999999999999e-05,16400.0,0,0,2.079999999999999e-05,0.108
1669,0,0,2.0899999999999993e-05,16400.0,0,0,2.0899999999999993e-05,0.112
1670,0,0,2.0999999999999995e-05,16400.0,0,0,2.0999999999999995e-05,0.112
1671,0,0,2.1099999999999998e-05,16400.0,0,0,2.1099999999999998e-05,0.112
1672,0,0,2.12e-05,16400.0,0,0,2.12e-05,0.108
1673,0,0,2.1300000000000003e-05,16600.0,0,0,2.1300000000000003e-05,0.10400000000000001
1674,0,0,2.1400000000000005e-05,16600.0,0,0,2.1400000000000005e-05,0.112
1675,0,0,2.1500000000000008e-05,16600.0,0,0,2.1500000000000008e-05,0.112
1676,0,0,2.1599999999999983e-05,16600.0,0,0,2.1599999999999983e-05,0.108
1677,0,0,2.1699999999999985e-05,16600.0,0,0,2.1699999999999985e-05,0.108
1678,0,0,2.1799999999999988e-05,16600.0,0,0,2.1799999999999988e-05,0.108
1679,0,0,2.189999999999999e-05,16600.0,0,0,2.189999999999999e-05,0.108
1680,0,0,2.1999999999999993e-05,16600.0,0,0,2.1999999999999993e-05,0.108
1681,0,0,2.2099999999999995e-05,16800.0,0,0,2.2099999999999995e-05,0.108
1682,0,0,2.2199999999999998e-05,16800.0,0,0,2.2199999999999998e-05,0.108
1683,0,0,2.23e-05,16800.0,0,0,2.23e-05,0.108
1684,0,0,2.2400000000000002e-05,16800.0,0,0,2.2400000000000002e-05,0.108
1685,0,0,2.2500000000000005e-05,16800.0,0,0,2.2500000000000005e-05,0.1
1686,0,0,2.2600000000000007e-05,16800.0,0,0,2.2600000000000007e-05,0.1
1687,0,0,2.2699999999999983e-05,16800.0,0,0,2.2699999999999983e-05,0.112
1688,0,0,2.2799999999999985e-05,16800.0,0,0,2.2799999999999985e-05,0.112
1689,0,0,2.2899999999999987e-05,17000.0,0,0,2.2899999999999987e-05,0.10400000000000001
1690,0,0,2.299999999999999e-05,17000.0,0,0,2.299999999999999e-05,0.10400000000000001
1691,0,0,2.3099999999999992e-05,17000.0,0,0,2.3099999999999992e-05,0.108
1692,0,0,2.3199999999999995e-05,17000.0,0,0,2.3199999999999995e-05,0.116
1693,0,0,2.3299999999999997e-05,17000.0,0,0,2.3299999999999997e-05,0.10400000000000001
1694,0,0,2.34e-05,17000.0,0,0,2.34e-05,0.10400000000000001
1695,0,0,2.3500000000000002e-05,17000.0,0,0,2.3500000000000002e-05,0.108
1696,0,0,2.3600000000000004e-05,17000.0,0,0,2.3600000000000004e-05,0.112
1697,0,0,2.3700000000000007e-05,17000.0,0,0,2.3700000000000007e-05,0.108
1698,0,0,2.3799999999999982e-05,17200.0,0,0,2.3799999999999982e-05,0.10400000000000001
1699,0,0,2.3899999999999985e-05,17200.0,0,0,2.3899999999999985e-05,0.1
1700,0,0,2.3999999999999987e-05,17200.0,0,0,2.3999999999999987e-05,0.10400000000000001
1701,0,0,2.409999999999999e-05,17200.0,0,0,2.409999999999999e-05,0.108
1702,0,0,2.4199999999999992e-05,17200.0,0,0,2.4199999999999992e-05,0.116
1703,0,0,2.4299999999999994e-05,17200.0,0,0,2.4299999999999994e-05,0.116
1704,0,0,2.4399999999999997e-05,17200.0,0,0,2.4399999999999997e-05,0.1
1705,0,0,2.45e-05,17200.0,0,0,2.45e-05,0.108
1706,0,0,2.46e-05,17200.0,0,0,2.46e-05,0.1
1707,0,0,2.4700000000000004e-05,17400.0,0,0,2.4700000000000004e-05,0.1
1708,0,0,2.4800000000000007e-05,17400.0,0,0,2.4800000000000007e-05,0.096
1709,0,0,2.4899999999999982e-05,17400.0,0,0,2.4899999999999982e-05,0.096
1710,0,0,2.4999999999999984e-05,17400.0,0,0,2.4999999999999984e-05,0.092
1711,0,0,2.5099999999999987e-05,17400.0,0,0,2.5099999999999987e-05,0.096
1712,0,0,2.519999999999999e-05,17400.0,0,0,2.519999999999999e-05,0.1
1713,0,0,2.529999999999999e-05,17400.0,0,0,2.529999999999999e-05,0.112
1714,0,0,2.5399999999999994e-05,17400.0,0,0,2.5399999999999994e-05,0.10400000000000001
1715,0,0,2.5499999999999996e-05,17400.0,0,0,2.5499999999999996e-05,0.096
1716,0,0,2.56e-05,17400.0,0,0,2.56e-05,0.096
1717,0,0,2.57e-05,17600.0,0,0,2.57e-05,0.1
1718,0,0,2.5800000000000004e-05,17600.0,0,0,2.5800000000000004e-05,0.096
1719,0,0,2.5900000000000006e-05,17600.0,0,0,2.5900000000000006e-05,0.096
1720,0,0,2.599999999999998e-05,17600.0,0,0,2.599999999999998e-05,0.096
1721,0,0,2.6099999999999984e-05,17600.0,0,0,2.6099999999999984e-05,0.108
1722,0,0,2.6199999999999986e-05,17600.0,0,0,2.6199999999999986e-05,0.1
1723,0,0,2.629999999999999e-05,17600.0,0,0,2.629999999999999e-05,0.096
1724,0,0,2.639999999999999e-05,17600.0,0,0,2.639999999999999e-05,0.1
1725,0,0,2.6499999999999994e-05,17600.0,0,0,2.6499999999999994e-05,0.108
1726,0,0,2.6599999999999996e-05,17600.0,0,0,2.6599999999999996e-05,0.10400000000000001
1727,0,0,2.67e-05,17600.0,0,0,2.67e-05,0.1
1728,0,0,2.68e-05,17600.0,0,0,2.68e-05,0.088
1729,0,0,2.6900000000000003e-05,17800.0,0,0,2.6900000000000003e-05,0.092
1730,0,0,2.7000000000000006e-05,17800.0,0,0,2.7000000000000006e-05,0.1
1731,0,0,2.709999999999998e-05,17800.0,0,0,2.709999999999998e-05,0.116
1732,0,0,2.7199999999999984e-05,17800.0,0,0,2.7199999999999984e-05,0.116
1733,0,0,2.7299999999999986e-05,17800.0,0,0,2.7299999999999986e-05,0.112
1734,0,0,2.739999999999999e-05,17800.0,0,0,2.739999999999999e-05,0.108
1735,0,0,2.749999999999999e-05,17800.0,0,0,2.749999999999999e-05,0.112
1736,0,0,2.7599999999999993e-05,17800.0,0,0,2.7599999999999993e-05,0.12
1737,0,0,2.7699999999999996e-05,17800.0,0,0,2.7699999999999996e-05,0.124
1738,0,0,2.7799999999999998e-05,17800.0,0,0,2.7799999999999998e-05,0.112
1739,0,0,2.79e-05,17800.0,0,0,2.79e-05,0.096
1740,0,0,2.8000000000000003e-05,17800.0,0,0,2.8000000000000003e-05,0.10400000000000001
1741,0,0,2.8100000000000005e-05,17800.0,0,0,2.8100000000000005e-05,0.096
1742,0,0,2.819999999999998e-05,17800.0,0,0,2.819999999999998e-05,0.088
1743,0,0,2.8299999999999983e-05,17800.0,0,0,2.8299999999999983e-05,0.088
1744,0,0,2.8399999999999986e-05,18000.0,0,0,2.8399999999999986e-05,0.088
1745,0,0,2.8499999999999988e-05,17800.0,0,0,2.8499999999999988e-05,0.084
1746,0,0,2.859999999999999e-05,18000.0,0,0,2.859999999999999e-05,0.088
1747,0,0,2.8699999999999993e-05,18000.0,0,0,2.8699999999999993e-05,0.084
1748,0,0,2.8799999999999995e-05,18000.0,0,0,2.8799999999999995e-05,0.08
1749,0,0,2.8899999999999998e-05,18000.0,0,0,2.8899999999999998e-05,0.092
1750,0,0,2.9e-05,18000.0,0,0,2.9e-05,0.08
1751,0,0,2.9100000000000003e-05,18000.0,0,0,2.9100000000000003e-05,0.088
1752,0,0,2.9200000000000005e-05,18000.0,0,0,2.9200000000000005e-05,0.08
1753,0,0,2.9300000000000007e-05,18000.0,0,0,2.9300000000000007e-05,0.07200000000000001
1754,0,0,2.9399999999999983e-05,18000.0,0,0,2.9399999999999983e-05,0.08
1755,0,0,2.9499999999999985e-05,18000.0,0,0,2.9499999999999985e-05,0.08
1756,0,0,2.9599999999999988e-05,18000.0,0,0,2.9599999999999988e-05,0.07200000000000001
1757,0,0,2.969999999999999e-05,18000.0,0,0,2.969999999999999e-05,0.08
1758,0,0,2.9799999999999993e-05,18000.0,0,0,2.9799999999999993e-05,0.084
1759,0,0,2.9899999999999995e-05,18000.0,0,0,2.9899999999999995e-05,0.088
1760,0,0,2.9999999999999997e-05,18000.0,0,0,2.9999999999999997e-05,0.092
1761,0,0,3.01e-05,18000.0,0,0,3.01e-05,0.084
1762,0,0,3.0200000000000002e-05,18000.0,0,0,3.0200000000000002e-05,0.068
1763,0,0,3.0300000000000005e-05,18200.0,0,0,3.0300000000000005e-05,0.068
1764,0,0,3.0400000000000007e-05,18200.0,0,0,3.0400000000000007e-05,0.07200000000000001
1765,0,0,3.0499999999999982e-05,18200.0,0,0,3.0499999999999982e-05,0.064
1766,0,0,3.0599999999999985e-05,18200.0,0,0,3.0599999999999985e-05,0.06
1767,0,0,3.069999999999999e-05,18200.0,0,0,3.069999999999999e-05,0.056
1768,0,0,3.079999999999999e-05,18200.0,0,0,3.079999999999999e-05,0.06
1769,0,0,3.089999999999999e-05,18200.0,0,0,3.089999999999999e-05,0.064
1770,0,0,3.0999999999999995e-05,18200.0,0,0,3.0999999999999995e-05,0.07200000000000001
1771,0,0,3.11e-05,18200.0,0,0,3.11e-05,0.076
1772,0,0,3.12e-05,18200.0,0,0,3.12e-05,0.06
1773,0,0,3.13e-05,18200.0,0,0,3.13e-05,0.06
1774,0,0,3.1400000000000004e-05,18200.0,0,0,3.1400000000000004e-05,0.07200000000000001
1775,0,0,3.150000000000001e-05,18200.0,0,0,3.150000000000001e-05,0.064
1776,0,0,3.159999999999998e-05,18200.0,0,0,3.159999999999998e-05,0.052000000000000005
1777,0,0,3.1699999999999984e-05,18200.0,0,0,3.1699999999999984e-05,0.056
1778,0,0,3.179999999999999e-05,18200.0,0,0,3.179999999999999e-05,0.056
1779,0,0,3.189999999999999e-05,18200.0,0,0,3.189999999999999e-05,0.052000000000000005
1780,0,0,3.199999999999999e-05,18200.0,0,0,3.199999999999999e-05,0.056
1781,0,0,3.2099999999999994e-05,18200.0,0,0,3.2099999999999994e-05,0.056
1782,0,0,3.22e-05,18200.0,0,0,3.22e-05,0.052000000000000005
1783,0,0,3.23e-05,18200.0,0,0,3.23e-05,0.048
1784,0,0,3.24e-05,18200.0,0,0,3.24e-05,0.044
1785,0,0,3.2500000000000004e-05,18200.0,0,0,3.2500000000000004e-05,0.048
1786,0,0,3.2600000000000006e-05,18200.0,0,0,3.2600000000000006e-05,0.048
1787,0,0,3.269999999999998e-05,18200.0,0,0,3.269999999999998e-05,0.048
1788,0,0,3.2799999999999984e-05,18200.0,0,0,3.2799999999999984e-05,0.048
1789,0,0,3.2899999999999987e-05,18200.0,0,0,3.2899999999999987e-05,0.044
1790,0,0,3.299999999999999e-05,18200.0,0,0,3.299999999999999e-05,0.044
1791,0,0,3.309999999999999e-05,18200.0,0,0,3.309999999999999e-05,0.056
1792,0,0,3.3199999999999994e-05,18200.0,0,0,3.3199999999999994e-05,0.048
1793,0,0,3.3299999999999996e-05,18200.0,0,0,3.3299999999999996e-05,0.048
1794,0,0,3.34e-05,18200.0,0,0,3.34e-05,0.04
1795,0,0,3.35e-05,18200.0,0,0,3.35e-05,0.044
1796,0,0,3.3600000000000004e-05,18200.0,0,0,3.3600000000000004e-05,0.052000000000000005
1797,0,0,3.3700000000000006e-05,18200.0,0,0,3.3700000000000006e-05,0.044
1798,0,0,3.379999999999998e-05,18200.0,0,0,3.379999999999998e-05,0.04
1799,0,0,3.3899999999999984e-05,18200.0,0,0,3.3899999999999984e-05,0.044
1800,0,0,3.3999999999999986e-05,18400.0,0,0,3.3999999999999986e-05,0.04
1801,0,0,3.409999999999999e-05,18200.0,0,0,3.409999999999999e-05,0.032
1802,0,0,3.419999999999999e-05,18400.0,0,0,3.419999999999999e-05,0.032
1803,0,0,3.4299999999999993e-05,18200.0,0,0,3.4299999999999993e-05,0.036000000000000004
1804,0,0,3.4399999999999996e-05,18200.0,0,0,3.4399999999999996e-05,0.036000000000000004
1805,0,0,3.45e-05,18400.0,0,0,3.45e-05,0.04
1806,0,0,3.46e-05,18400.0,0,0,3.46e-05,0.032
1807,0,0,3.47e-05,18200.0,0,0,3.47e-05,0.028
1808,0,0,3.4800000000000006e-05,18200.0,0,0,3.4800000000000006e-05,0.036000000000000004
1809,0,0,3.489999999999998e-05,18400.0,0,0,3.489999999999998e-05,0.032
1810,0,0,3.499999999999998e-05,18200.0,0,0,3.499999999999998e-05,0.028
1811,0,0,3.5099999999999986e-05,18200.0,0,0,3.5099999999999986e-05,0.028
1812,0,0,3.519999999999999e-05,18400.0,0,0,3.519999999999999e-05,0.028
1813,0,0,3.529999999999999e-05,18200.0,0,0,3.529999999999999e-05,0.028
1814,0,0,3.539999999999999e-05,18400.0,0,0,3.539999999999999e-05,0.024
1815,0,0,3.5499999999999996e-05,18200.0,0,0,3.5499999999999996e-05,0.024
1816,0,0,3.56e-05,18400.0,0,0,3.56e-05,0.032
1817,0,0,3.57e-05,18200.0,0,0,3.57e-05,0.024
1818,0,0,3.58e-05,18200.0,0,0,3.58e-05,0.024
1819,0,0,3.5900000000000005e-05,18200.0,0,0,3.5900000000000005e-05,0.02
1820,0,0,3.599999999999998e-05,18200.0,0,0,3.599999999999998e-05,0.024
1821,0,0,3.609999999999998e-05,18200.0,0,0,3.609999999999998e-05,0.016
1822,0,0,3.6199999999999985e-05,18200.0,0,0,3.6199999999999985e-05,0.016
1823,0,0,3.629999999999999e-05,18200.0,0,0,3.629999999999999e-05,0.016
1824,0,0,3.639999999999999e-05,18200.0,0,0,3.639999999999999e-05,0.016
1825,0,0,3.649999999999999e-05,18200.0,0,0,3.649999999999999e-05,0.016
1826,0,0,3.6599999999999995e-05,18200.0,0,0,3.6599999999999995e-05,0.016
1827,0,0,3.67e-05,18200.0,0,0,3.67e-05,0.012
1828,0,0,3.68e-05,18200.0,0,0,3.68e-05,0.016
1829,0,0,3.69e-05,18200.0,0,0,3.69e-05,0.016
1830,0,0,3.7000000000000005e-05,18200.0,0,0,3.7000000000000005e-05,0.012
1831,0,0,3.709999999999998e-05,18200.0,0,0,3.709999999999998e-05,0.012
1832,0,0,3.719999999999998e-05,18200.0,0,0,3.719999999999998e-05,0.012
1833,0,0,3.7299999999999985e-05,18200.0,0,0,3.7299999999999985e-05,0.016
1834,0,0,3.739999999999999e-05,18200.0,0,0,3.739999999999999e-05,0.012
1835,0,0,3.749999999999999e-05,18200.0,0,0,3.749999999999999e-05,0.008
1836,0,0,3.759999999999999e-05,18200.0,0,0,3.759999999999999e-05,0.008
1837,0,0,3.7699999999999995e-05,18200.0,0,0,3.7699999999999995e-05,0.012
1838,0,0,3.78e-05,18200.0,0,0,3.78e-05,0.008
1839,0,0,3.79e-05,18200.0,0,0,3.79e-05,0.008
1840,0,0,3.8e-05,18200.0,0,0,3.8e-05,0.004
1841,0,0,3.8100000000000005e-05,18200.0,0,0,3.8100000000000005e-05,0.004
1842,0,0,3.820000000000001e-05,18200.0,0,0,3.820000000000001e-05,0.004
1843,0,0,3.829999999999998e-05,18200.0,0,0,3.829999999999998e-05,0.004
1844,0,0,3.8399999999999985e-05,18200.0,0,0,3.8399999999999985e-05,0.004
1845,0,0,3.849999999999999e-05,18200.0,0,0,3.849999999999999e-05,0.0
1846,0,0,3.859999999999999e-05,18200.0,0,0,3.859999999999999e-05,0.0
1847,0,0,3.869999999999999e-05,18200.0,0,0,3.869999999999999e-05,0.0
1848,0,0,3.8799999999999994e-05,18200.0,0,0,3.8799999999999994e-05,0.0
1849,0,0,3.89e-05,18200.0,0,0,3.89e-05,0.0
1850,0,0,3.9e-05,18200.0,0,0,3.9e-05,0.0
1851,0,0,3.91e-05,18000.0,0,0,3.91e-05,0.0
1852,0,0,3.9200000000000004e-05,18000.0,0,0,3.9200000000000004e-05,-0.004
1853,0,0,3.9300000000000007e-05,18000.0,0,0,3.9300000000000007e-05,-0.004
1854,0,0,3.939999999999998e-05,18000.0,0,0,3.939999999999998e-05,-0.004
1855,0,0,3.9499999999999984e-05,18000.0,0,0,3.9499999999999984e-05,-0.004
1856,0,0,3.959999999999999e-05,18000.0,0,0,3.959999999999999e-05,-0.004
1857,0,0,3.969999999999999e-05,18000.0,0,0,3.969999999999999e-05,-0.008
1858,0,0,3.979999999999999e-05,18000.0,0,0,3.979999999999999e-05,-0.008
1859,0,0,3.9899999999999994e-05,18000.0,0,0,3.9899999999999994e-05,-0.008
1860,0,0,3.9999999999999996e-05,18000.0,0,0,3.9999999999999996e-05,-0.008
1861,0,0,4.01e-05,18000.0,0,0,4.01e-05,-0.008
1862,0,0,4.02e-05,18000.0,0,0,4.02e-05,-0.008
1863,0,0,4.0300000000000004e-05,18000.0,0,0,4.0300000000000004e-05,-0.008
1864,0,0,4.0400000000000006e-05,18000.0,0,0,4.0400000000000006e-05,-0.012
1865,0,0,4.049999999999998e-05,18000.0,0,0,4.049999999999998e-05,-0.012
1866,0,0,4.0599999999999984e-05,18000.0,0,0,4.0599999999999984e-05,-0.008
1867,0,0,4.0699999999999986e-05,18000.0,0,0,4.0699999999999986e-05,-0.012
1868,0,0,4.079999999999999e-05,17800.0,0,0,4.079999999999999e-05,-0.012
1869,0,0,4.089999999999999e-05,17800.0,0,0,4.089999999999999e-05,-0.012
1870,0,0,4.0999999999999994e-05,17800.0,0,0,4.0999999999999994e-05,-0.016
1871,0,0,4.1099999999999996e-05,17800.0,0,0,4.1099999999999996e-05,-0.016
1872,0,0,4.12e-05,17800.0,0,0,4.12e-05,-0.016
1873,0,0,4.13e-05,17800.0,0,0,4.13e-05,-0.016
1874,0,0,4.1400000000000003e-05,17800.0,0,0,4.1400000000000003e-05,-0.016
1875,0,0,4.1500000000000006e-05,17800.0,0,0,4.1500000000000006e-05,-0.016
1876,0,0,4.159999999999998e-05,17800.0,0,0,4.159999999999998e-05,-0.02
1877,0,0,4.1699999999999984e-05,17800.0,0,0,4.1699999999999984e-05,-0.02
1878,0,0,4.1799999999999986e-05,17800.0,0,0,4.1799999999999986e-05,-0.02
1879,0,0,4.189999999999999e-05,17800.0,0,0,4.189999999999999e-05,-0.02
1880,0,0,4.199999999999999e-05,17800.0,0,0,4.199999999999999e-05,-0.02
1881,0,0,4.209999999999999e-05,17800.0,0,0,4.209999999999999e-05,-0.02
1882,0,0,4.2199999999999996e-05,17800.0,0,0,4.2199999999999996e-05,-0.02
1883,0,0,4.23e-05,17600.0,0,0,4.23e-05,-0.024
1884,0,0,4.24e-05,17600.0,0,0,4.24e-05,-0.024
1885,0,0,4.25e-05,17600.0,0,0,4.25e-05,-0.024
1886,0,0,4.2600000000000005e-05,17600.0,0,0,4.2600000000000005e-05,-0.024
1887,0,0,4.269999999999998e-05,17600.0,0,0,4.269999999999998e-05,-0.024
1888,0,0,4.279999999999998e-05,17600.0,0,0,4.279999999999998e-05,-0.024
1889,0,0,4.2899999999999986e-05,17600.0,0,0,4.2899999999999986e-05,-0.024
1890,0,0,4.299999999999999e-05,17600.0,0,0,4.299999999999999e-05,-0.028
1891,0,0,4.309999999999999e-05,17600.0,0,0,4.309999999999999e-05,-0.028
1892,0,0,4.319999999999999e-05,17600.0,0,0,4.319999999999999e-05,-0.028
1893,0,0,4.3299999999999995e-05,17600.0,0,0,4.3299999999999995e-05,-0.028
1894,0,0,4.34e-05,17400.0,0,0,4.34e-05,-0.028
1895,0,0,4.35e-05,17400.0,0,0,4.35e-05,-0.028
1896,0,0,4.36e-05,17400.0,0,0,4.36e-05,-0.032
1897,0,0,4.3700000000000005e-05,17400.0,0,0,4.3700000000000005e-05,-0.032
1898,0,0,4.379999999999998e-05,17400.0,0,0,4.379999999999998e-05,-0.032
1899,0,0,4.389999999999998e-05,17400.0,0,0,4.389999999999998e-05,-0.032
1900,0,0,4.3999999999999985e-05,17400.0,0,0,4.3999999999999985e-05,-0.032
1901,0,0,4.409999999999999e-05,17400.0,0,0,4.409999999999999e-05,-0.032
1902,0,0,4.419999999999999e-05,17400.0,0,0,4.419999999999999e-05,-0.032
1903,0,0,4.429999999999999e-05,17400.0,0,0,4.429999999999999e-05,-0.032
1904,0,0,4.4399999999999995e-05,17200.0,0,0,4.4399999999999995e-05,-0.036000000000000004
1905,0,0,4.45e-05,17200.0,0,0,4.45e-05,-0.036000000000000004
1906,0,0,4.46e-05,17200.0,0,0,4.46e-05,-0.036000000000000004
1907,0,0,4.47e-05,17200.0,0,0,4.47e-05,-0.036000000000000004
1908,0,0,4.4800000000000005e-05,17200.0,0,0,4.4800000000000005e-05,-0.036000000000000004
1909,0,0,4.489999999999998e-05,17200.0,0,0,4.489999999999998e-05,-0.036000000000000004
1910,0,0,4.499999999999998e-05,17200.0,0,0,4.499999999999998e-05,-0.04
1911,0,0,4.5099999999999985e-05,17200.0,0,0,4.5099999999999985e-05,-0.04
1912,0,0,4.519999999999999e-05,17200.0,0,0,4.519999999999999e-05,-0.04
1913,0,0,4.529999999999999e-05,17200.0,0,0,4.529999999999999e-05,-0.04
1914,0,0,4.539999999999999e-05,17200.0,0,0,4.539999999999999e-05,-0.04
1915,0,0,4.5499999999999995e-05,17000.0,0,0,4.5499999999999995e-05,-0.04
1916,0,0,4.56e-05,17000.0,0,0,4.56e-05,-0.04
1917,0,0,4.57e-05,17000.0,0,0,4.57e-05,-0.044
1918,0,0,4.58e-05,17000.0,0,0,4.58e-05,-0.044
1919,0,0,4.5900000000000004e-05,17000.0,0,0,4.5900000000000004e-05,-0.044
1920,0,0,4.600000000000001e-05,17000.0,0,0,4.600000000000001e-05,-0.044
1921,0,0,4.609999999999998e-05,17000.0,0,0,4.609999999999998e-05,-0.044
1922,0,0,4.6199999999999985e-05,17000.0,0,0,4.6199999999999985e-05,-0.044
1923,0,0,4.629999999999999e-05,16800.0,0,0,4.629999999999999e-05,-0.044
1924,0,0,4.639999999999999e-05,16800.0,0,0,4.639999999999999e-05,-0.048
1925,0,0,4.649999999999999e-05,16800.0,0,0,4.649999999999999e-05,-0.048
1926,0,0,4.6599999999999994e-05,16800.0,0,0,4.6599999999999994e-05,-0.048
1927,0,0,4.67e-05,16800.0,0,0,4.67e-05,-0.048
1928,0,0,4.68e-05,16800.0,0,0,4.68e-05,-0.048
1929,0,0,4.69e-05,16800.0,0,0,4.69e-05,-0.048
1930,0,0,4.7000000000000004e-05,16800.0,0,0,4.7000000000000004e-05,-0.048
1931,0,0,4.7100000000000006e-05,16600.0,0,0,4.7100000000000006e-05,-0.052000000000000005
1932,0,0,4.719999999999998e-05,16600.0,0,0,4.719999999999998e-05,-0.052000000000000005
1933,0,0,4.7299999999999984e-05,16600.0,0,0,4.7299999999999984e-05,-0.052000000000000005
1934,0,0,4.739999999999999e-05,16600.0,0,0,4.739999999999999e-05,-0.052000000000000005
1935,0,0,4.749999999999999e-05,16600.0,0,0,4.749999999999999e-05,-0.052000000000000005
1936,0,0,4.759999999999999e-05,16600.0,0,0,4.759999999999999e-05,-0.052000000000000005
1937,0,0,4.7699999999999994e-05,16600.0,0,0,4.7699999999999994e-05,-0.052000000000000005
1938,0,0,4.7799999999999996e-05,16600.0,0,0,4.7799999999999996e-05,-0.052000000000000005
1939,0,0,4.79e-05,16400.0,0,0,4.79e-05,-0.052000000000000005
1940,0,0,4.8e-05,16400.0,0,0,4.8e-05,-0.056
1941,0,0,4.8100000000000004e-05,16400.0,0,0,4.8100000000000004e-05,-0.056
1942,0,0,4.8200000000000006e-05,16400.0,0,0,4.8200000000000006e-05,-0.056
1943,0,0,4.829999999999998e-05,16400.0,0,0,4.829999999999998e-05,-0.056
1944,0,0,4.8399999999999984e-05,16400.0,0,0,4.8399999999999984e-05,-0.056
1945,0,0,4.8499999999999986e-05,16400.0,0,0,4.8499999999999986e-05,-0.056
1946,0,0,4.859999999999999e-05,16200.0,0,0,4.859999999999999e-05,-0.056
1947,0,0,4.869999999999999e-05,16200.0,0,0,4.869999999999999e-05,-0.06
1948,0,0,4.8799999999999994e-05,16200.0,0,0,4.8799999999999994e-05,-0.06
1949,0,0,4.8899999999999996e-05,16200.0,0,0,4.8899999999999996e-05,-0.06
1950,0,0,4.9e-05,16200.0,0,0,4.9e-05,-0.06
1951,0,0,4.91e-05,16200.0,0,0,4.91e-05,-0.06
1952,0,0,4.92e-05,16200.0,0,0,4.92e-05,-0.06
1953,0,0,4.9300000000000006e-05,16000.0,0,0,4.9300000000000006e-05,-0.06
1954,0,0,4.939999999999998e-05,16000.0,0,0,4.939999999999998e-05,-0.06
1955,0,0,4.9499999999999983e-05,16000.0,0,0,4.9499999999999983e-05,-0.064
1956,0,0,4.9599999999999986e-05,16000.0,0,0,4.9599999999999986e-05,-0.064
1957,0,0,4.969999999999999e-05,16000.0,0,0,4.969999999999999e-05,-0.064
1958,0,0,4.979999999999999e-05,16000.0,0,0,4.979999999999999e-05,-0.064
1959,0,0,4.989999999999999e-05,16000.0,0,0,4.989999999999999e-05,-0.064
1960,0,0,4.9999999999999996e-05,15800.0,0,0,4.9999999999999996e-05,-0.064
1961,0,0,5.01e-05,15800.0,0,0,5.01e-05,-0.064
1962,0,0,5.02e-05,15800.0,0,0,5.02e-05,-0.068
1963,0,0,5.03e-05,15800.0,0,0,5.03e-05,-0.068
1964,0,0,5.0400000000000005e-05,15800.0,0,0,5.0400000000000005e-05,-0.068
1965,0,0,5.049999999999998e-05,15800.0,0,0,5.049999999999998e-05,-0.068
1966,0,0,5.059999999999998e-05,15800.0,0,0,5.059999999999998e-05,-0.068
1967,0,0,5.0699999999999986e-05,15600.0,0,0,5.0699999999999986e-05,-0.068
1968,0,0,5.079999999999999e-05,15600.0,0,0,5.079999999999999e-05,-0.068
1969,0,0,5.089999999999999e-05,15600.0,0,0,5.089999999999999e-05,-0.068
1970,0,0,5.099999999999999e-05,15600.0,0,0,5.099999999999999e-05,-0.068
1971,0,0,5.1099999999999995e-05,15600.0,0,0,5.1099999999999995e-05,-0.07200000000000001
1972,0,0,5.12e-05,15600.0,0,0,5.12e-05,-0.07200000000000001
1973,0,0,5.13e-05,15400.0,0,0,5.13e-05,-0.07200000000000001
1974,0,0,5.14e-05,15400.0,0,0,5.14e-05,-0.07200000000000001
1975,0,0,5.1500000000000005e-05,15400.0,0,0,5.1500000000000005e-05,-0.07200000000000001
1976,0,0,5.159999999999998e-05,15400.0,0,0,5.159999999999998e-05,-0.07200000000000001
1977,0,0,5.169999999999998e-05,15400.0,0,0,5.169999999999998e-05,-0.07200000000000001
1978,0,0,5.1799999999999985e-05,15400.0,0,0,5.1799999999999985e-05,-0.07200000000000001
1979,0,0,5.189999999999999e-05,15200.0,0,0,5.189999999999999e-05,-0.076
1980,0,0,5.199999999999999e-05,15200.0,0,0,5.199999999999999e-05,-0.076
1981,0,0,5.209999999999999e-05,15200.0,0,0,5.209999999999999e-05,-0.076
1982,0,0,5.2199999999999995e-05,15200.0,0,0,5.2199999999999995e-05,-0.076
1983,0,0,5.23e-05,15200.0,0,0,5.23e-05,-0.076
1984,0,0,5.24e-05,15200.0,0,0,5.24e-05,-0.076
1985,0,0,5.25e-05,15000.0,0,0,5.25e-05,-0.076
1986,0,0,5.2600000000000005e-05,15000.0,0,0,5.2600000000000005e-05,-0.076
1987,0,0,5.269999999999998e-05,15000.0,0,0,5.269999999999998e-05,-0.076
1988,0,0,5.279999999999998e-05,15000.0,0,0,5.279999999999998e-05,-0.08
1989,0,0,5.2899999999999985e-05,15000.0,0,0,5.2899999999999985e-05,-0.08
1990,0,0,5.299999999999999e-05,15000.0,0,0,5.299999999999999e-05,-0.08
1991,0,0,5.309999999999999e-05,14800.0,0,0,5.309999999999999e-05,-0.08
1992,0,0,5.319999999999999e-05,14800.0,0,0,5.319999999999999e-05,-0.08
1993,0,0,5.3299999999999995e-05,14800.0,0,0,5.3299999999999995e-05,-0.08
1994,0,0,5.34e-05,14800.0,0,0,5.34e-05,-0.08
1995,0,0,5.35e-05,14800.0,0,0,5.35e-05,-0.08
1996,0,0,5.36e-05,14800.0,0,0,5.36e-05,-0.08
1997,0,0,5.3700000000000004e-05,14600.0,0,0,5.3700000000000004e-05,-0.08
1998,0,0,5.379999999999998e-05,14600.0,0,0,5.379999999999998e-05,-0.084
1999,0,0,5.389999999999998e-05,14600.0,0,0,5.389999999999998e-05,-0.084
2000,0,0,5.3999999999999984e-05,14600.0,0,0,5.3999999999999984e-05,-0.084
2001,0,0,5.409999999999999e-05,14600.0,0,0,5.409999999999999e-05,-0.084
2002,0,0,5.419999999999999e-05,14600.0,0,0,5.419999999999999e-05,-0.084
2003,0,0,5.429999999999999e-05,14400.0,0,0,5.429999999999999e-05,-0.084
2004,0,0,5.4399999999999994e-05,14400.0,0,0,5.4399999999999994e-05,-0.084
2005,0,0,5.4499999999999997e-05,14400.0,0,0,5.4499999999999997e-05,-0.084
2006,0,0,5.46e-05,14400.0,0,0,5.46e-05,-0.084
2007,0,0,5.47e-05,14400.0,0,0,5.47e-05,-0.084
2008,0,0,5.4800000000000004e-05,14200.0,0,0,5.4800000000000004e-05,-0.088
2009,0,0,5.4900000000000006e-05,14200.0,0,0,5.4900000000000006e-05,-0.088
2010,0,0,5.499999999999998e-05,14200.0,0,0,5.499999999999998e-05,-0.088
2011,0,0,5.5099999999999984e-05,14200.0,0,0,5.5099999999999984e-05,-0.088
2012,0,0,5.5199999999999986e-05,14200.0,0,0,5.5199999999999986e-05,-0.088
2013,0,0,5.529999999999999e-05,14200.0,0,0,5.529999999999999e-05,-0.088
2014,0,0,5.539999999999999e-05,14000.0,0,0,5.539999999999999e-05,-0.088
2015,0,0,5.5499999999999994e-05,14000.0,0,0,5.5499999999999994e-05,-0.088
2016,0,0,5.5599999999999996e-05,14000.0,0,0,5.5599999999999996e-05,-0.088
2017,0,0,5.57e-05,14000.0,0,0,5.57e-05,-0.088
2018,0,0,5.58e-05,14000.0,0,0,5.58e-05,-0.088
2019,0,0,5.5900000000000004e-05,13800.0,0,0,5.5900000000000004e-05,-0.092
2020,0,0,5.6000000000000006e-05,13800.0,0,0,5.6000000000000006e-05,-0.092
2021,0,0,5.609999999999998e-05,13800.0,0,0,5.609999999999998e-05,-0.092
2022,0,0,5.6199999999999984e-05,13800.0,0,0,5.6199999999999984e-05,-0.092
2023,0,0,5.6299999999999986e-05,13800.0,0,0,5.6299999999999986e-05,-0.092
2024,0,0,5.639999999999999e-05,13600.0,0,0,5.639999999999999e-05,-0.092
2025,0,0,5.649999999999999e-05,13600.0,0,0,5.649999999999999e-05,-0.092
2026,0,0,5.6599999999999993e-05,13600.0,0,0,5.6599999999999993e-05,-0.092
2027,0,0,5.6699999999999996e-05,13600.0,0,0,5.6699999999999996e-05,-0.092
2028,0,0,5.68e-05,13600.0,0,0,5.68e-05,-0.092
2029,0,0,5.69e-05,13400.0,0,0,5.69e-05,-0.092
2030,0,0,5.7e-05,13400.0,0,0,5.7e-05,-0.096
2031,0,0,5.7100000000000006e-05,13400.0,0,0,5.7100000000000006e-05,-0.096
2032,0,0,5.719999999999998e-05,13400.0,0,0,5.719999999999998e-05,-0.096
2033,0,0,5.729999999999998e-05,13400.0,0,0,5.729999999999998e-05,-0.096
2034,0,0,5.7399999999999986e-05,13200.0,0,0,5.7399999999999986e-05,-0.096
2035,0,0,5.749999999999999e-05,13200.0,0,0,5.749999999999999e-05,-0.096
2036,0,0,5.759999999999999e-05,13200.0,0,0,5.759999999999999e-05,-0.096
2037,0,0,5.769999999999999e-05,13200.0,0,0,5.769999999999999e-05,-0.096
2038,0,0,5.7799999999999995e-05,13200.0,0,0,5.7799999999999995e-05,-0.096
2039,0,0,5.79e-05,13200.0,0,0,5.79e-05,-0.096
2040,0,0,5.8e-05,13000.0,0,0,5.8e-05,-0.096
2041,0,0,5.81e-05,13000.0,0,0,5.81e-05,-0.1
2042,0,0,5.8200000000000005e-05,13000.0,0,0,5.8200000000000005e-05,-0.1
2043,0,0,5.829999999999998e-05,13000.0,0,0,5.829999999999998e-05,-0.1
2044,0,0,5.839999999999998e-05,13000.0,0,0,5.839999999999998e-05,-0.1
2045,0,0,5.8499999999999985e-05,12800.0,0,0,5.8499999999999985e-05,-0.1
2046,0,0,5.859999999999999e-05,12800.0,0,0,5.859999999999999e-05,-0.1
2047,0,0,5.869999999999999e-05,12800.0,0,0,5.869999999999999e-05,-0.1
2048,0,0,5.879999999999999e-05,12800.0,0,0,5.879999999999999e-05,-0.1
2049,0,0,5.8899999999999995e-05,12600.0,0,0,5.8899999999999995e-05,-0.1
2050,0,0,5.9e-05,12600.0,0,0,5.9e-05,-0.1
2051,0,0,5.91e-05,12600.0,0,0,5.91e-05,-0.1
2052,0,0,5.92e-05,12600.0,0,0,5.92e-05,-0.1
2053,0,0,5.9300000000000005e-05,12600.0,0,0,5.9300000000000005e-05,-0.1
2054,0,0,5.939999999999998e-05,12400.0,0,0,5.939999999999998e-05,-0.1
2055,0,0,5.949999999999998e-05,12400.0,0,0,5.949999999999998e-05,-0.10400000000000001
2056,0,0,5.9599999999999985e-05,12400.0,0,0,5.9599999999999985e-05,-0.10400000000000001
2057,0,0,5.969999999999999e-05,12400.0,0,0,5.969999999999999e-05,-0.10400000000000001
2058,0,0,5.979999999999999e-05,12400.0,0,0,5.979999999999999e-05,-0.10400000000000001
2059,0,0,5.989999999999999e-05,12400.0,0,0,5.989999999999999e-05,-0.10400000000000001
2060,0,0,5.9999999999999995e-05,12200.0,0,0,5.9999999999999995e-05,-0.10400000000000001
2061,0,0,6.01e-05,12200.0,0,0,6.01e-05,-0.10400000000000001
2062,0,0,6.02e-05,12200.0,0,0,6.02e-05,-0.10400000000000001
2063,0,0,6.03e-05,12200.0,0,0,6.03e-05,-0.10400000000000001
2064,0,0,6.0400000000000004e-05,12000.0,0,0,6.0400000000000004e-05,-0.10400000000000001
2065,0,0,6.049999999999998e-05,12000.0,0,0,6.049999999999998e-05,-0.10400000000000001
2066,0,0,6.059999999999998e-05,12000.0,0,0,6.059999999999998e-05,-0.10400000000000001
2067,0,0,6.0699999999999985e-05,12000.0,0,0,6.0699999999999985e-05,-0.10400000000000001
2068,0,0,6.079999999999999e-05,12000.0,0,0,6.079999999999999e-05,-0.10400000000000001
2069,0,0,6.089999999999999e-05,11800.0,0,0,6.089999999999999e-05,-0.10400000000000001
2070,0,0,6.099999999999999e-05,11800.0,0,0,6.099999999999999e-05,-0.108
2071,0,0,6.11e-05,11800.0,0,0,6.11e-05,-0.108
2072,0,0,6.12e-05,11800.0,0,0,6.12e-05,-0.108
2073,0,0,6.13e-05,11800.0,0,0,6.13e-05,-0.108
2074,0,0,6.14e-05,11600.0,0,0,6.14e-05,-0.108
2075,0,0,6.15e-05,11600.0,0,0,6.15e-05,-0.108
2076,0,0,6.159999999999998e-05,11600.0,0,0,6.159999999999998e-05,-0.108
2077,0,0,6.169999999999998e-05,11600.0,0,0,6.169999999999998e-05,-0.108
2078,0,0,6.179999999999998e-05,11600.0,0,0,6.179999999999998e-05,-0.108
2079,0,0,6.189999999999999e-05,11400.0,0,0,6.189999999999999e-05,-0.108
2080,0,0,6.199999999999999e-05,11400.0,0,0,6.199999999999999e-05,-0.108
2081,0,0,6.209999999999999e-05,11400.0,0,0,6.209999999999999e-05,-0.108
2082,0,0,6.22e-05,11400.0,0,0,6.22e-05,-0.108
2083,0,0,6.23e-05,11200.0,0,0,6.23e-05,-0.108
2084,0,0,6.24e-05,11200.0,0,0,6.24e-05,-0.108
2085,0,0,6.25e-05,11200.0,0,0,6.25e-05,-0.108
2086,0,0,6.26e-05,11200.0,0,0,6.26e-05,-0.108
2087,0,0,6.269999999999998e-05,11200.0,0,0,6.269999999999998e-05,-0.112
2088,0,0,6.279999999999998e-05,11000.0,0,0,6.279999999999998e-05,-0.108
2089,0,0,6.289999999999998e-05,11000.0,0,0,6.289999999999998e-05,-0.108
2090,0,0,6.299999999999999e-05,11000.0,0,0,6.299999999999999e-05,-0.112
2091,0,0,6.309999999999999e-05,11000.0,0,0,6.309999999999999e-05,-0.108
2092,0,0,6.319999999999999e-05,11000.0,0,0,6.319999999999999e-05,-0.112
2093,0,0,6.33e-05,10800.0,0,0,6.33e-05,-0.112
2094,0,0,6.34e-05,10800.0,0,0,6.34e-05,-0.112
2095,0,0,6.35e-05,10800.0,0,0,6.35e-05,-0.112
2096,0,0,6.36e-05,10800.0,0,0,6.36e-05,-0.112
2097,0,0,6.37e-05,10800.0,0,0,6.37e-05,-0.112
2098,0,0,6.38e-05,10600.0,0,0,6.38e-05,-0.112
2099,0,0,6.389999999999998e-05,10600.0,0,0,6.389999999999998e-05,-0.112
2100,0,0,6.399999999999998e-05,10600.0,0,0,6.399999999999998e-05,-0.112
2101,0,0,6.409999999999999e-05,10600.0,0,0,6.409999999999999e-05,-0.112
2102,0,0,6.419999999999999e-05,10400.0,0,0,6.419999999999999e-05,-0.112
2103,0,0,6.429999999999999e-05,10400.0,0,0,6.429999999999999e-05,-0.112
2104,0,0,6.44e-05,10400.0,0,0,6.44e-05,-0.112
2105,0,0,6.45e-05,10400.0,0,0,6.45e-05,-0.112
2106,0,0,6.46e-05,10400.0,0,0,6.46e-05,-0.112
2107,0,0,6.47e-05,10200.0,0,0,6.47e-05,-0.112
2108,0,0,6.48e-05,10200.0,0,0,6.48e-05,-0.112
2109,0,0,6.49e-05,10200.0,0,0,6.49e-05,-0.112
2110,0,0,6.499999999999998e-05,10200.0,0,0,6.499999999999998e-05,-0.112
2111,0,0,6.509999999999998e-05,10000.0,0,0,6.509999999999998e-05,-0.112
2112,0,0,6.519999999999999e-05,10000.0,0,0,6.519999999999999e-05,-0.112
2113,0,0,6.529999999999999e-05,10000.0,0,0,6.529999999999999e-05,-0.112
2114,0,0,6.539999999999999e-05,10000.0,0,0,6.539999999999999e-05,-0.112
2115,0,0,6.549999999999999e-05,10000.0,0,0,6.549999999999999e-05,-0.112
2116,0,0,6.56e-05,9800.0,0,0,6.56e-05,-0.112
2117,0,0,6.57e-05,9800.0,0,0,6.57e-05,-0.112
2118,0,0,6.58e-05,9800.0,0,0,6.58e-05,-0.112
2119,0,0,6.59e-05,9800.0,0,0,6.59e-05,-0.112
2120,0,0,6.6e-05,9800.0,0,0,6.6e-05,-0.112
2121,0,0,6.609999999999998e-05,9600.0,0,0,6.609999999999998e-05,-0.112
2122,0,0,6.619999999999998e-05,9600.0,0,0,6.619999999999998e-05,-0.116
2123,0,0,6.629999999999999e-05,9600.0,0,0,6.629999999999999e-05,-0.116
2124,0,0,6.639999999999999e-05,9600.0,0,0,6.639999999999999e-05,-0.116
2125,0,0,6.649999999999999e-05,9400.0,0,0,6.649999999999999e-05,-0.116
2126,0,0,6.659999999999999e-05,9400.0,0,0,6.659999999999999e-05,-0.116
2127,0,0,6.67e-05,9400.0,0,0,6.67e-05,-0.116
2128,0,0,6.68e-05,9400.0,0,0,6.68e-05,-0.116
2129,0,0,6.69e-05,9400.0,0,0,6.69e-05,-0.116
2130,0,0,6.7e-05,9200.0,0,0,6.7e-05,-0.116
2131,0,0,6.71e-05,9200.0,0,0,6.71e-05,-0.116
2132,0,0,6.719999999999998e-05,9200.0,0,0,6.719999999999998e-05,-0.116
2133,0,0,6.729999999999998e-05,9200.0,0,0,6.729999999999998e-05,-0.116
2134,0,0,6.739999999999998e-05,9000.0,0,0,6.739999999999998e-05,-0.116
2135,0,0,6.749999999999999e-05,9000.0,0,0,6.749999999999999e-05,-0.116
2136,0,0,6.759999999999999e-05,9000.0,0,0,6.759999999999999e-05,-0.116
2137,0,0,6.769999999999999e-05,9000.0,0,0,6.769999999999999e-05,-0.116
2138,0,0,6.78e-05,9000.0,0,0,6.78e-05,-0.116
2139,0,0,6.79e-05,8800.0,0,0,6.79e-05,-0.116
2140,0,0,6.8e-05,8800.0,0,0,6.8e-05,-0.116
2141,0,0,6.81e-05,8800.0,0,0,6.81e-05,-0.116
2142,0,0,6.82e-05,8800.0,0,0,6.82e-05,-0.116
2143,0,0,6.829999999999998e-05,8800.0,0,0,6.829999999999998e-05,-0.116
2144,0,0,6.839999999999998e-05,8600.0,0,0,6.839999999999998e-05,-0.116
2145,0,0,6.849999999999998e-05,8600.0,0,0,6.849999999999998e-05,-0.116
2146,0,0,6.859999999999999e-05,8600.0,0,0,6.859999999999999e-05,-0.116
2147,0,0,6.869999999999999e-05,8600.0,0,0,6.869999999999999e-05,-0.116
2148,0,0,6.879999999999999e-05,8400.0,0,0,6.879999999999999e-05,-0.116
2149,0,0,6.89e-05,8400.0,0,0,6.89e-05,-0.116
2150,0,0,6.9e-05,8400.0,0,0,6.9e-05,-0.116
2151,0,0,6.91e-05,8400.0,0,0,6.91e-05,-0.116
2152,0,0,6.92e-05,8400.0,0,0,6.92e-05,-0.116
2153,0,0,6.93e-05,8200.0,0,0,6.93e-05,-0.116
2154,0,0,6.939999999999998e-05,8200.0,0,0,6.939999999999998e-05,-0.116
2155,0,0,6.949999999999998e-05,8200.0,0,0,6.949999999999998e-05,-0.116
2156,0,0,6.959999999999998e-05,8200.0,0,0,6.959999999999998e-05,-0.116
2157,0,0,6.969999999999999e-05,8200.0,0,0,6.969999999999999e-05,-0.116
2158,0,0,6.979999999999999e-05,8000.0,0,0,6.979999999999999e-05,-0.116
2159,0,0,6.989999999999999e-05,8000.0,0,0,6.989999999999999e-05,-0.116
2160,0,0,7e-05,8000.0,0,0,7e-05,-0.116
2161,0,0,7.01e-05,8000.0,0,0,7.01e-05,-0.116
2162,0,0,7.02e-05,8000.0,0,0,7.02e-05,-0.116
2163,0,0,7.03e-05,7800.0,0,0,7.03e-05,-0.116
2164,0,0,7.04e-05,7800.0,0,0,7.04e-05,-0.116
2165,0,0,7.049999999999998e-05,7800.0,0,0,7.049999999999998e-05,-0.116
2166,0,0,7.059999999999998e-05,7800.0,0,0,7.059999999999998e-05,-0.116
2167,0,0,7.069999999999998e-05,7800.0,0,0,7.069999999999998e-05,-0.116
2168,0,0,7.079999999999999e-05,7600.0,0,0,7.079999999999999e-05,-0.116
2169,0,0,7.089999999999999e-05,7600.0,0,0,7.089999999999999e-05,-0.112
2170,0,0,7.099999999999999e-05,7600.0,0,0,7.099999999999999e-05,-0.116
2171,0,0,7.11e-05,7600.0,0,0,7.11e-05,-0.116
2172,0,0,7.12e-05,7400.0,0,0,7.12e-05,-0.116
2173,0,0,7.13e-05,7400.0,0,0,7.13e-05,-0.116
2174,0,0,7.14e-05,7400.0,0,0,7.14e-05,-0.112
2175,0,0,7.15e-05,7400.0,0,0,7.15e-05,-0.112
2176,0,0,7.159999999999998e-05,7400.0,0,0,7.159999999999998e-05,-0.112
2177,0,0,7.169999999999998e-05,7200.0,0,0,7.169999999999998e-05,-0.112
2178,0,0,7.179999999999998e-05,7200.0,0,0,7.179999999999998e-05,-0.112
2179,0,0,7.189999999999999e-05,7200.0,0,0,7.189999999999999e-05,-0.112
2180,0,0,7.199999999999999e-05,7200.0,0,0,7.199999999999999e-05,-0.112
2181,0,0,7.209999999999999e-05,7000.0,0,0,7.209999999999999e-05,-0.112
2182,0,0,7.219999999999999e-05,7000.0,0,0,7.219999999999999e-05,-0.112
2183,0,0,7.23e-05,7000.0,0,0,7.23e-05,-0.112
2184,0,0,7.24e-05,7000.0,0,0,7.24e-05,-0.112
2185,0,0,7.25e-05,7000.0,0,0,7.25e-05,-0.112
2186,0,0,7.26e-05,7000.0,0,0,7.26e-05,-0.112
2187,0,0,7.27e-05,6800.0,0,0,7.27e-05,-0.112
2188,0,0,7.279999999999998e-05,6800.0,0,0,7.279999999999998e-05,-0.112
2189,0,0,7.289999999999998e-05,6800.0,0,0,7.289999999999998e-05,-0.112
2190,0,0,7.299999999999999e-05,6800.0,0,0,7.299999999999999e-05,-0.112
2191,0,0,7.309999999999999e-05,6600.0,0,0,7.309999999999999e-05,-0.112
2192,0,0,7.319999999999999e-05,6600.0,0,0,7.319999999999999e-05,-0.112
2193,0,0,7.329999999999999e-05,6600.0,0,0,7.329999999999999e-05,-0.112
2194,0,0,7.34e-05,6600.0,0,0,7.34e-05,-0.112
2195,0,0,7.35e-05,6600.0,0,0,7.35e-05,-0.112
2196,0,0,7.36e-05,6600.0,0,0,7.36e-05,-0.112
2197,0,0,7.37e-05,6400.0,0,0,7.37e-05,-0.112
2198,0,0,7.38e-05,6400.0,0,0,7.38e-05,-0.112
2199,0,0,7.389999999999998e-05,6400.0,0,0,7.389999999999998e-05,-0.112
2200,0,0,7.399999999999998e-05,6400.0,0,0,7.399999999999998e-05,-0.112
2201,0,0,7.409999999999999e-05,6400.0,0,0,7.409999999999999e-05,-0.112
2202,0,0,7.419999999999999e-05,6200.0,0,0,7.419999999999999e-05,-0.112
2203,0,0,7.429999999999999e-05,6200.0,0,0,7.429999999999999e-05,-0.108
2204,0,0,7.439999999999999e-05,6200.0,0,0,7.439999999999999e-05,-0.108
2205,0,0,7.45e-05,6200.0,0,0,7.45e-05,-0.108
2206,0,0,7.46e-05,6000.0,0,0,7.46e-05,-0.108
2207,0,0,7.47e-05,6000.0,0,0,7.47e-05,-0.108
2208,0,0,7.48e-05,6000.0,0,0,7.48e-05,-0.108
2209,0,0,7.49e-05,6000.0,0,0,7.49e-05,-0.108
2210,0,0,7.499999999999998e-05,6000.0,0,0,7.499999999999998e-05,-0.108
2211,0,0,7.509999999999998e-05,6000.0,0,0,7.509999999999998e-05,-0.108
2212,0,0,7.519999999999998e-05,5800.0,0,0,7.519999999999998e-05,-0.108
2213,0,0,7.529999999999999e-05,5800.0,0,0,7.529999999999999e-05,-0.108
2214,0,0,7.539999999999999e-05,5800.0,0,0,7.539999999999999e-05,-0.108
2215,0,0,7.549999999999999e-05,5800.0,0,0,7.549999999999999e-05,-0.108
2216,0,0,7.56e-05,5800.0,0,0,7.56e-05,-0.108
2217,0,0,7.57e-05,5600.0,0,0,7.57e-05,-0.108
2218,0,0,7.58e-05,5600.0,0,0,7.58e-05,-0.108
2219,0,0,7.59e-05,5600.0,0,0,7.59e-05,-0.10400000000000001
2220,0,0,7.6e-05,5600.0,0,0,7.6e-05,-0.108
2221,0,0,7.609999999999998e-05,5600.0,0,0,7.609999999999998e-05,-0.108
2222,0,0,7.619999999999998e-05,5400.0,0,0,7.619999999999998e-05,-0.10400000000000001
2223,0,0,7.629999999999998e-05,5400.0,0,0,7.629999999999998e-05,-0.108
2224,0,0,7.639999999999999e-05,5400.0,0,0,7.639999999999999e-05,-0.108
2225,0,0,7.649999999999999e-05,5400.0,0,0,7.649999999999999e-05,-0.10400000000000001
2226,0,0,7.659999999999999e-05,5400.0,0,0,7.659999999999999e-05,-0.108
2227,0,0,7.67e-05,5200.0,0,0,7.67e-05,-0.10400000000000001
2228,0,0,7.68e-05,5200.0,0,0,7.68e-05,-0.10400000000000001
2229,0,0,7.69e-05,5200.0,0,0,7.69e-05,-0.10400000000000001
2230,0,0,7.7e-05,5200.0,0,0,7.7e-05,-0.10400000000000001
2231,0,0,7.71e-05,5200.0,0,0,7.71e-05,-0.10400000000000001
2232,0,0,7.719999999999998e-05,5200.0,0,0,7.719999999999998e-05,-0.108
2233,0,0,7.729999999999998e-05,5000.0,0,0,7.729999999999998e-05,-0.10400000000000001
2234,0,0,7.739999999999998e-05,5000.0,0,0,7.739999999999998e-05,-0.10400000000000001
2235,0,0,7.749999999999999e-05,5000.0,0,0,7.749999999999999e-05,-0.10400000000000001
2236,0,0,7.759999999999999e-05,5000.0,0,0,7.759999999999999e-05,-0.10400000000000001
2237,0,0,7.769999999999999e-05,5000.0,0,0,7.769999999999999e-05,-0.10400000000000001
2238,0,0,7.78e-05,5000.0,0,0,7.78e-05,-0.1
2239,0,0,7.79e-05,4800.0,0,0,7.79e-05,-0.10400000000000001
2240,0,0,7.8e-05,4800.0,0,0,7.8e-05,-0.1
2241,0,0,7.81e-05,4800.0,0,0,7.81e-05,-0.1
2242,0,0,7.82e-05,4800.0,0,0,7.82e-05,-0.1
2243,0,0,7.829999999999998e-05,4800.0,0,0,7.829999999999998e-05,-0.1
2244,0,0,7.839999999999998e-05,4800.0,0,0,7.839999999999998e-05,-0.1
2245,0,0,7.849999999999998e-05,4600.0,0,0,7.849999999999998e-05,-0.1
2246,0,0,7.859999999999999e-05,4600.0,0,0,7.859999999999999e-05,-0.1
2247,0,0,7.869999999999999e-05,4600.0,0,0,7.869999999999999e-05,-0.1
2248,0,0,7.879999999999999e-05,4600.0,0,0,7.879999999999999e-05,-0.1
2249,0,0,7.89e-05,4600.0,0,0,7.89e-05,-0.1
2250,0,0,7.9e-05,4400.0,0,0,7.9e-05,-0.1
2251,0,0,7.91e-05,4400.0,0,0,7.91e-05,-0.1
2252,0,0,7.92e-05,4400.0,0,0,7.92e-05,-0.1
2253,0,0,7.93e-05,4400.0,0,0,7.93e-05,-0.096
2254,0,0,7.939999999999998e-05,4400.0,0,0,7.939999999999998e-05,-0.1
2255,0,0,7.949999999999998e-05,4400.0,0,0,7.949999999999998e-05,-0.096
2256,0,0,7.959999999999998e-05,4400.0,0,0,7.959999999999998e-05,-0.096
2257,0,0,7.969999999999999e-05,4200.0,0,0,7.969999999999999e-05,-0.096
2258,0,0,7.979999999999999e-05,4200.0,0,0,7.979999999999999e-05,-0.096
2259,0,0,7.989999999999999e-05,4200.0,0,0,7.989999999999999e-05,-0.096
2260,0,0,7.999999999999999e-05,4200.0,0,0,7.999999999999999e-05,-0.096
2261,0,0,8.01e-05,4200.0,0,0,8.01e-05,-0.096
2262,0,0,8.02e-05,4000.0,0,0,8.02e-05,-0.096
2263,0,0,8.03e-05,4000.0,0,0,8.03e-05,-0.096
2264,0,0,8.04e-05,4000.0,0,0,8.04e-05,-0.096
2265,0,0,8.05e-05,4000.0,0,0,8.05e-05,-0.096
2266,0,0,8.059999999999998e-05,4000.0,0,0,8.059999999999998e-05,-0.092
2267,0,0,8.069999999999998e-05,4000.0,0,0,8.069999999999998e-05,-0.092
2268,0,0,8.079999999999999e-05,4000.0,0,0,8.079999999999999e-05,-0.092
2269,0,0,8.089999999999999e-05,3800.0,0,0,8.089999999999999e-05,-0.092
2270,0,0,8.099999999999999e-05,3800.0,0,0,8.099999999999999e-05,-0.092
2271,0,0,8.109999999999999e-05,3800.0,0,0,8.109999999999999e-05,-0.092
2272,0,0,8.12e-05,3800.0,0,0,8.12e-05,-0.092
2273,0,0,8.13e-05,3800.0,0,0,8.13e-05,-0.092
2274,0,0,8.14e-05,3800.0,0,0,8.14e-05,-0.092
2275,0,0,8.15e-05,3600.0,0,0,8.15e-05,-0.092
2276,0,0,8.16e-05,3600.0,0,0,8.16e-05,-0.092
2277,0,0,8.169999999999998e-05,3600.0,0,0,8.169999999999998e-05,-0.088
2278,0,0,8.179999999999998e-05,3600.0,0,0,8.179999999999998e-05,-0.088
2279,0,0,8.189999999999998e-05,3600.0,0,0,8.189999999999998e-05,-0.088
2280,0,0,8.199999999999999e-05,3600.0,0,0,8.199999999999999e-05,-0.088
2281,0,0,8.209999999999999e-05,3600.0,0,0,8.209999999999999e-05,-0.088
2282,0,0,8.219999999999999e-05,3400.0,0,0,8.219999999999999e-05,-0.088
2283,0,0,8.23e-05,3400.0,0,0,8.23e-05,-0.088
2284,0,0,8.24e-05,3400.0,0,0,8.24e-05,-0.084
2285,0,0,8.25e-05,3400.0,0,0,8.25e-05,-0.084
2286,0,0,8.26e-05,3400.0,0,0,8.26e-05,-0.088
2287,0,0,8.27e-05,3400.0,0,0,8.27e-05,-0.088
2288,0,0,8.279999999999998e-05,3400.0,0,0,8.279999999999998e-05,-0.084
2289,0,0,8.289999999999998e-05,3200.0,0,0,8.289999999999998e-05,-0.084
2290,0,0,8.299999999999998e-05,3200.0,0,0,8.299999999999998e-05,-0.084
2291,0,0,8.309999999999999e-05,3200.0,0,0,8.309999999999999e-05,-0.084
2292,0,0,8.319999999999999e-05,3200.0,0,0,8.319999999999999e-05,-0.084
2293,0,0,8.329999999999999e-05,3200.0,0,0,8.329999999999999e-05,-0.084
2294,0,0,8.34e-05,3200.0,0,0,8.34e-05,-0.084
2295,0,0,8.35e-05,3200.0,0,0,8.35e-05,-0.084
2296,0,0,8.36e-05,3000.0,0,0,8.36e-05,-0.084
2297,0,0,8.37e-05,3000.0,0,0,8.37e-05,-0.08
2298,0,0,8.38e-05,3000.0,0,0,8.38e-05,-0.08
2299,0,0,8.389999999999998e-05,3000.0,0,0,8.389999999999998e-05,-0.08
2300,0,0,8.399999999999998e-05,3000.0,0,0,8.399999999999998e-05,-0.08
2301,0,0,8.409999999999998e-05,3000.0,0,0,8.409999999999998e-05,-0.08
2302,0,0,8.419999999999999e-05,3000.0,0,0,8.419999999999999e-05,-0.08
2303,0,0,8.429999999999999e-05,3000.0,0,0,8.429999999999999e-05,-0.08
2304,0,0,8.439999999999999e-05,2800.0,0,0,8.439999999999999e-05,-0.076
2305,0,0,8.45e-05,2800.0,0,0,8.45e-05,-0.076
2306,0,0,8.46e-05,2800.0,0,0,8.46e-05,-0.076
2307,0,0,8.47e-05,2800.0,0,0,8.47e-05,-0.076
2308,0,0,8.48e-05,2800.0,0,0,8.48e-05,-0.076
2309,0,0,8.49e-05,2800.0,0,0,8.49e-05,-0.076
2310,0,0,8.499999999999998e-05,2800.0,0,0,8.499999999999998e-05,-0.076
2311,0,0,8.509999999999998e-05,2800.0,0,0,8.509999999999998e-05,-0.076
2312,0,0,8.519999999999998e-05,2600.0,0,0,8.519999999999998e-05,-0.076
2313,0,0,8.529999999999999e-05,2600.0,0,0,8.529999999999999e-05,-0.076
2314,0,0,8.539999999999999e-05,2600.0,0,0,8.539999999999999e-05,-0.07200000000000001
2315,0,0,8.549999999999999e-05,2600.0,0,0,8.549999999999999e-05,-0.07200000000000001
2316,0,0,8.56e-05,2600.0,0,0,8.56e-05,-0.07200000000000001
2317,0,0,8.57e-05,2600.0,0,0,8.57e-05,-0.07200000000000001
2318,0,0,8.58e-05,2600.0,0,0,8.58e-05,-0.07200000000000001
2319,0,0,8.59e-05,2600.0,0,0,8.59e-05,-0.07200000000000001
2320,0,0,8.6e-05,2600.0,0,0,8.6e-05,-0.07200000000000001
2321,0,0,8.609999999999998e-05,2400.0,0,0,8.609999999999998e-05,-0.07200000000000001
2322,0,0,8.619999999999998e-05,2400.0,0,0,8.619999999999998e-05,-0.068
2323,0,0,8.629999999999998e-05,2400.0,0,0,8.629999999999998e-05,-0.068
2324,0,0,8.639999999999999e-05,2400.0,0,0,8.639999999999999e-05,-0.068
2325,0,0,8.649999999999999e-05,2400.0,0,0,8.649999999999999e-05,-0.068
2326,0,0,8.659999999999999e-05,2400.0,0,0,8.659999999999999e-05,-0.068
2327,0,0,8.669999999999999e-05,2400.0,0,0,8.669999999999999e-05,-0.068
2328,0,0,8.68e-05,2400.0,0,0,8.68e-05,-0.068
2329,0,0,8.69e-05,2400.0,0,0,8.69e-05,-0.068
2330,0,0,8.7e-05,2200.0,0,0,8.7e-05,-0.068
2331,0,0,8.71e-05,2200.0,0,0,8.71e-05,-0.064
2332,0,0,8.719999999999998e-05,2200.0,0,0,8.719999999999998e-05,-0.064
2333,0,0,8.729999999999998e-05,2200.0,0,0,8.729999999999998e-05,-0.064
2334,0,0,8.739999999999998e-05,2200.0,0,0,8.739999999999998e-05,-0.064
2335,0,0,8.749999999999999e-05,2200.0,0,0,8.749999999999999e-05,-0.064
2336,0,0,8.759999999999999e-05,2200.0,0,0,8.759999999999999e-05,-0.064
2337,0,0,8.769999999999999e-05,2200.0,0,0,8.769999999999999e-05,-0.064
2338,0,0,8.779999999999999e-05,2200.0,0,0,8.779999999999999e-05,-0.064
2339,0,0,8.79e-05,2000.0,0,0,8.79e-05,-0.06
2340,0,0,8.8e-05,2200.0,0,0,8.8e-05,-0.06
2341,0,0,8.81e-05,2000.0,0,0,8.81e-05,-0.06
2342,0,0,8.82e-05,2000.0,0,0,8.82e-05,-0.06
2343,0,0,8.829999999999998e-05,2000.0,0,0,8.829999999999998e-05,-0.06
2344,0,0,8.839999999999998e-05,2000.0,0,0,8.839999999999998e-05,-0.056
2345,0,0,8.849999999999998e-05,2000.0,0,0,8.849999999999998e-05,-0.06
2346,0,0,8.859999999999999e-05,2000.0,0,0,8.859999999999999e-05,-0.06
2347,0,0,8.869999999999999e-05,2000.0,0,0,8.869999999999999e-05,-0.056
2348,0,0,8.879999999999999e-05,2000.0,0,0,8.879999999999999e-05,-0.056
2349,0,0,8.889999999999999e-05,2000.0,0,0,8.889999999999999e-05,-0.056
2350,0,0,8.9e-05,2000.0,0,0,8.9e-05,-0.056
2351,0,0,8.91e-05,2000.0,0,0,8.91e-05,-0.056
2352,0,0,8.92e-05,1800.0,0,0,8.92e-05,-0.056
2353,0,0,8.93e-05,1800.0,0,0,8.93e-05,-0.056
2354,0,0,8.94e-05,1800.0,0,0,8.94e-05,-0.056
2355,0,0,8.949999999999998e-05,1800.0,0,0,8.949999999999998e-05,-0.052000000000000005
2356,0,0,8.959999999999998e-05,1800.0,0,0,8.959999999999998e-05,-0.052000000000000005
2357,0,0,8.969999999999998e-05,1800.0,0,0,8.969999999999998e-05,-0.052000000000000005
2358,0,0,8.979999999999999e-05,1800.0,0,0,8.979999999999999e-05,-0.052000000000000005
2359,0,0,8.989999999999999e-05,1800.0,0,0,8.989999999999999e-05,-0.052000000000000005
2360,0,0,8.999999999999999e-05,1800.0,0,0,8.999999999999999e-05,-0.052000000000000005
2361,0,0,9.01e-05,1800.0,0,0,9.01e-05,-0.052000000000000005
2362,0,0,9.02e-05,1800.0,0,0,9.02e-05,-0.048
2363,0,0,9.03e-05,1800.0,0,0,9.03e-05,-0.048
2364,0,0,9.04e-05,1800.0,0,0,9.04e-05,-0.048
2365,0,0,9.05e-05,1600.0,0,0,9.05e-05,-0.048
2366,0,0,9.059999999999998e-05,1600.0,0,0,9.059999999999998e-05,-0.048
2367,0,0,9.069999999999998e-05,1600.0,0,0,9.069999999999998e-05,-0.048
2368,0,0,9.079999999999998e-05,1600.0,0,0,9.079999999999998e-05,-0.044
2369,0,0,9.089999999999999e-05,1600.0,0,0,9.089999999999999e-05,-0.044
2370,0,0,9.099999999999999e-05,1600.0,0,0,9.099999999999999e-05,-0.048
2371,0,0,9.109999999999999e-05,1600.0,0,0,9.109999999999999e-05,-0.044
2372,0,0,9.12e-05,1600.0,0,0,9.12e-05,-0.044
2373,0,0,9.13e-05,1600.0,0,0,9.13e-05,-0.044
2374,0,0,9.14e-05,1600.0,0,0,9.14e-05,-0.044
2375,0,0,9.15e-05,1600.0,0,0,9.15e-05,-0.044
2376,0,0,9.16e-05,1600.0,0,0,9.16e-05,-0.04
2377,0,0,9.169999999999998e-05,1600.0,0,0,9.169999999999998e-05,-0.04
2378,0,0,9.179999999999998e-05,1600.0,0,0,9.179999999999998e-05,-0.04
2379,0,0,9.189999999999998e-05,1600.0,0,0,9.189999999999998e-05,-0.04
2380,0,0,9.199999999999999e-05,1600.0,0,0,9.199999999999999e-05,-0.04
2381,0,0,9.209999999999999e-05,1600.0,0,0,9.209999999999999e-05,-0.04
2382,0,0,9.219999999999999e-05,1600.0,0,0,9.219999999999999e-05,-0.04
2383,0,0,9.23e-05,1400.0,0,0,9.23e-05,-0.036000000000000004
2384,0,0,9.24e-05,1400.0,0,0,9.24e-05,-0.036000000000000004
2385,0,0,9.25e-05,1400.0,0,0,9.25e-05,-0.036000000000000004
2386,0,0,9.26e-05,1400.0,0,0,9.26e-05,-0.036000000000000004
2387,0,0,9.27e-05,1400.0,0,0,9.27e-05,-0.036000000000000004
2388,0,0,9.279999999999998e-05,1400.0,0,0,9.279999999999998e-05,-0.036000000000000004
2389,0,0,9.289999999999998e-05,1400.0,0,0,9.289999999999998e-05,-0.036000000000000004
2390,0,0,9.299999999999998e-05,1400.0,0,0,9.299999999999998e-05,-0.036000000000000004
2391,0,0,9.309999999999999e-05,1400.0,0,0,9.309999999999999e-05,-0.032
2392,0,0,9.319999999999999e-05,1400.0,0,0,9.319999999999999e-05,-0.032
2393,0,0,9.329999999999999e-05,1400.0,0,0,9.329999999999999e-05,-0.032
2394,0,0,9.34e-05,1400.0,0,0,9.34e-05,-0.032
2395,0,0,9.35e-05,1400.0,0,0,9.35e-05,-0.032
2396,0,0,9.36e-05,1400.0,0,0,9.36e-05,-0.028
2397,0,0,9.37e-05,1400.0,0,0,9.37e-05,-0.028
2398,0,0,9.38e-05,1400.0,0,0,9.38e-05,-0.028
2399,0,0,9.389999999999998e-05,1400.0,0,0,9.389999999999998e-05,-0.028
2400,0,0,9.399999999999998e-05,1400.0,0,0,9.399999999999998e-05,-0.028
2401,0,0,9.409999999999998e-05,1400.0,0,0,9.409999999999998e-05,-0.028
2402,0,0,9.419999999999999e-05,1400.0,0,0,9.419999999999999e-05,-0.028
2403,0,0,9.429999999999999e-05,1400.0,0,0,9.429999999999999e-05,-0.028
2404,0,0,9.439999999999999e-05,1400.0,0,0,9.439999999999999e-05,-0.028
2405,0,0,9.449999999999999e-05,1400.0,0,0,9.449999999999999e-05,-0.024
2406,0,0,9.46e-05,1400.0,0,0,9.46e-05,-0.024
2407,0,0,9.47e-05,1400.0,0,0,9.47e-05,-0.024
2408,0,0,9.48e-05,1400.0,0,0,9.48e-05,-0.024
2409,0,0,9.49e-05,1400.0,0,0,9.49e-05,-0.024
2410,0,0,9.499999999999998e-05,1400.0,0,0,9.499999999999998e-05,-0.024
2411,0,0,9.509999999999998e-05,1400.0,0,0,9.509999999999998e-05,-0.02
2412,0,0,9.519999999999998e-05,1400.0,0,0,9.519999999999998e-05,-0.02
2413,0,0,9.529999999999999e-05,1200.0,0,0,9.529999999999999e-05,-0.02
2414,0,0,9.539999999999999e-05,1400.0,0,0,9.539999999999999e-05,-0.02
2415,0,0,9.549999999999999e-05,1400.0,0,0,9.549999999999999e-05,-0.02
2416,0,0,9.559999999999999e-05,1400.0,0,0,9.559999999999999e-05,-0.02
2417,0,0,9.57e-05,1200.0,0,0,9.57e-05,-0.02
2418,0,0,9.58e-05,1400.0,0,0,9.58e-05,-0.016
2419,0,0,9.59e-05,1200.0,0,0,9.59e-05,-0.016
2420,0,0,9.6e-05,1200.0,0,0,9.6e-05,-0.016
2421,0,0,9.609999999999998e-05,1200.0,0,0,9.609999999999998e-05,-0.016
2422,0,0,9.619999999999998e-05,1200.0,0,0,9.619999999999998e-05,-0.016
2423,0,0,9.629999999999998e-05,1200.0,0,0,9.629999999999998e-05,-0.016
2424,0,0,9.639999999999999e-05,1200.0,0,0,9.639999999999999e-05,-0.016
2425,0,0,9.649999999999999e-05,1200.0,0,0,9.649999999999999e-05,-0.012
2426,0,0,9.659999999999999e-05,1200.0,0,0,9.659999999999999e-05,-0.012
2427,0,0,9.669999999999999e-05,1400.0,0,0,9.669999999999999e-05,-0.012
2428,0,0,9.68e-05,1200.0,0,0,9.68e-05,-0.012
2429,0,0,9.69e-05,1200.0,0,0,9.69e-05,-0.012
2430,0,0,9.7e-05,1400.0,0,0,9.7e-05,-0.012
2431,0,0,9.71e-05,1200.0,0,0,9.71e-05,-0.008
2432,0,0,9.72e-05,1200.0,0,0,9.72e-05,-0.008
2433,0,0,9.729999999999998e-05,1200.0,0,0,9.729999999999998e-05,-0.008
2434,0,0,9.739999999999998e-05,1400.0,0,0,9.739999999999998e-05,-0.008
2435,0,0,9.749999999999998e-05,1200.0,0,0,9.749999999999998e-05,-0.008
2436,0,0,9.759999999999999e-05,1200.0,0,0,9.759999999999999e-05,-0.008
2437,0,0,9.769999999999999e-05,1400.0,0,0,9.769999999999999e-05,-0.008
2438,0,0,9.779999999999999e-05,1400.0,0,0,9.779999999999999e-05,-0.004
2439,0,0,9.79e-05,1400.0,0,0,9.79e-05,-0.004
2440,0,0,9.8e-05,1400.0,0,0,9.8e-05,-0.004
2441,0,0,9.81e-05,1400.0,0,0,9.81e-05,-0.004
2442,0,0,9.819999999999997e-05,1400.0,0,0,9.819999999999997e-05,-0.004
2443,0,0,9.829999999999998e-05,1400.0,0,0,9.829999999999998e-05,-0.004
2444,0,0,9.839999999999998e-05,1400.0,0,0,9.839999999999998e-05,0.0
2445,0,0,9.849999999999998e-05,1400.0,0,0,9.849999999999998e-05,0.0
2446,0,0,9.859999999999998e-05,1400.0,0,0,9.859999999999998e-05,0.0
2447,0,0,9.869999999999999e-05,1400.0,0,0,9.869999999999999e-05,0.0
2448,0,0,9.879999999999999e-05,1400.0,0,0,9.879999999999999e-05,0.0
2449,0,0,9.889999999999999e-05,1400.0,0,0,9.889999999999999e-05,0.0
2450,0,0,9.9e-05,1400.0,0,0,9.9e-05,0.004
2451,0,0,9.91e-05,1400.0,0,0,9.91e-05,0.004
2452,0,0,9.92e-05,1400.0,0,0,9.92e-05,0.004
2453,0,0,9.93e-05,1400.0,0,0,9.93e-05,0.004
2454,0,0,9.94e-05,1400.0,0,0,9.94e-05,0.004
2455,0,0,9.95e-05,1400.0,0,0,9.95e-05,0.004
2456,0,0,9.960000000000001e-05,1400.0,0,0,9.960000000000001e-05,0.004
2457,0,0,9.970000000000001e-05,1400.0,0,0,9.970000000000001e-05,0.008
2458,0,0,9.980000000000001e-05,1400.0,0,0,9.980000000000001e-05,0.008
2459,0,0,9.990000000000002e-05,1400.0,0,0,9.990000000000002e-05,0.008
2460,0,0,9.999999999999996e-05,1400.0,0,0,9.999999999999996e-05,0.008
2461,0,0,0.00010009999999999997,1400.0,0,0,0.00010009999999999997,0.008
2462,0,0,0.00010019999999999997,1400.0,0,0,0.00010019999999999997,0.008
2463,0,0,0.00010029999999999997,1400.0,0,0,0.00010029999999999997,0.008
2464,0,0,0.00010039999999999997,1400.0,0,0,0.00010039999999999997,0.012
2465,0,0,0.00010049999999999998,1400.0,0,0,0.00010049999999999998,0.012
2466,0,0,0.00010059999999999998,1400.0,0,0,0.00010059999999999998,0.012
2467,0,0,0.00010069999999999998,1400.0,0,0,0.00010069999999999998,0.012
2468,0,0,0.00010079999999999998,1400.0,0,0,0.00010079999999999998,0.012
2469,0,0,0.00010089999999999999,1400.0,0,0,0.00010089999999999999,0.012
2470,0,0,0.00010099999999999999,1600.0,0,0,0.00010099999999999999,0.016
2471,0,0,0.00010109999999999999,1600.0,0,0,0.00010109999999999999,0.016
2472,0,0,0.0001012,1600.0,0,0,0.0001012,0.016
2473,0,0,0.0001013,1600.0,0,0,0.0001013,0.016
2474,0,0,0.0001014,1600.0,0,0,0.0001014,0.016
2475,0,0,0.0001015,1600.0,0,0,0.0001015,0.016
2476,0,0,0.0001016,1600.0,0,0,0.0001016,0.016
2477,0,0,0.0001017,1600.0,0,0,0.0001017,0.02
2478,0,0,0.00010180000000000001,1600.0,0,0,0.00010180000000000001,0.02
2479,0,0,0.00010190000000000001,1600.0,0,0,0.00010190000000000001,0.02
2480,0,0,0.00010200000000000001,1600.0,0,0,0.00010200000000000001,0.02
2481,0,0,0.00010210000000000002,1600.0,0,0,0.00010210000000000002,0.02
2482,0,0,0.00010220000000000002,1600.0,0,0,0.00010220000000000002,0.02
2483,0,0,0.00010229999999999997,1600.0,0,0,0.00010229999999999997,0.024
2484,0,0,0.00010239999999999997,1600.0,0,0,0.00010239999999999997,0.024
2485,0,0,0.00010249999999999997,1600.0,0,0,0.00010249999999999997,0.024
2486,0,0,0.00010259999999999997,1600.0,0,0,0.00010259999999999997,0.024
2487,0,0,0.00010269999999999998,1600.0,0,0,0.00010269999999999998,0.024
2488,0,0,0.00010279999999999998,1800.0,0,0,0.00010279999999999998,0.024
2489,0,0,0.00010289999999999998,1800.0,0,0,0.00010289999999999998,0.024
2490,0,0,0.00010299999999999998,1800.0,0,0,0.00010299999999999998,0.028
2491,0,0,0.00010309999999999999,1800.0,0,0,0.00010309999999999999,0.028
2492,0,0,0.00010319999999999999,1800.0,0,0,0.00010319999999999999,0.028
2493,0,0,0.00010329999999999999,1800.0,0,0,0.00010329999999999999,0.028
2494,0,0,0.00010339999999999999,1800.0,0,0,0.00010339999999999999,0.028
2495,0,0,0.0001035,1800.0,0,0,0.0001035,0.028
2496,0,0,0.0001036,1800.0,0,0,0.0001036,0.032
2497,0,0,0.0001037,1800.0,0,0,0.0001037,0.032
2498,0,0,0.0001038,1800.0,0,0,0.0001038,0.032
2499,0,0,0.0001039,1800.0,0,0,0.0001039,0.032
